100000	0
100001	1
100002	1
100003	1
100004	1
100005	1
100006	1
100007	1
100008	2
100009	2
100010	3
100015	0
100024	0
100042	0
100060	0
100062	0
100072	0
100076	0
100081	0
100083	0
100085	0
100089	0
100093	0
100094	0
100105	0
100111	0
100116	0
100122	0
100128	0
100132	0
100135	0
100137	0
100138	0
100142	0
100147	0
100148	0
100149	0
100152	0
100153	0
100154	0
100156	0
100166	0
100167	0
100170	0
100181	0
100185	0
100186	0
100200	0
100202	0
100213	0
100214	0
100215	0
100223	0
100224	0
100234	0
100245	0
100250	0
100255	0
100258	0
100263	0
100264	0
100269	0
100272	0
100276	0
100278	0
100286	0
100292	0
100294	0
100299	0
100306	0
100307	0
100319	0
100320	0
100322	0
100325	0
100329	0
100332	0
100335	0
100344	0
100349	0
100357	0
100372	0
100376	0
100380	0
100392	0
100400	0
100402	0
100408	0
100413	0
100415	0
100416	0
100420	0
100421	0
100424	0
100427	0
100448	0
100454	0
100457	0
100460	0
100470	0
100484	0
100488	0
100493	0
100503	0
100509	0
100511	0
100517	0
100522	0
100525	0
100529	0
100531	0
100547	0
100548	0
100551	0
100565	0
100566	0
100568	0
100571	0
100574	0
100582	0
100583	0
100584	0
100591	0
100600	0
100602	0
100603	0
100605	0
100607	0
100609	0
100610	0
100611	0
100627	0
100636	0
100638	0
100643	0
100646	0
100651	0
100653	0
100656	0
100661	0
100665	0
100672	0
100675	0
100677	0
100680	0
100684	0
100693	0
100708	0
100709	0
100711	0
100712	0
100713	0
100715	0
100716	0
100725	0
100737	0
100739	0
100742	0
100749	0
100754	0
100757	0
100759	0
100761	0
100770	0
100777	0
100778	0
100791	0
100801	0
100803	0
100807	0
100810	0
100823	0
100824	0
100827	0
100828	0
100834	0
100835	0
100860	0
100865	0
100866	0
100867	0
100869	0
100872	0
100878	0
100879	0
100884	0
100887	0
100891	0
100897	0
100930	0
100932	0
100933	0
100934	0
100935	0
100941	0
100943	0
100953	0
100958	0
100972	0
100982	0
100983	0
100996	0
100999	0
101007	0
101012	0
101020	0
101022	0
101023	0
101034	0
101039	0
101045	0
101047	0
101048	0
101052	0
101056	0
101059	0
101064	0
101065	0
101070	0
101071	0
101080	0
101085	0
101087	0
101089	0
101091	0
101104	0
101108	0
101116	0
101118	0
101120	0
101128	0
101130	0
101134	0
101140	0
101144	0
101151	0
101153	0
101156	0
101157	0
101158	0
101162	0
101163	0
101169	0
101170	0
101171	0
101173	0
101175	0
101182	0
101187	0
101189	0
101192	0
101193	0
101194	0
101195	0
101196	0
101198	0
101199	0
101200	0
101204	0
101205	0
101206	0
101211	0
101224	0
101225	0
101231	0
101232	0
101237	0
101240	0
101245	0
101249	0
101250	0
101252	0
101253	0
101256	0
101261	0
101262	0
101264	0
101270	0
101273	0
101276	0
101278	0
101285	0
101291	0
101293	0
101294	0
101298	0
101302	0
101304	0
101306	0
101307	0
101310	0
101314	0
101315	0
101316	0
101318	0
101319	0
101320	0
101322	0
101324	0
101327	0
101330	0
101335	0
101342	0
101344	0
101346	0
101349	0
101356	0
101357	0
101358	0
101360	0
101361	0
101364	0
101366	0
101367	0
101376	0
101377	0
101384	0
101386	0
101393	0
101396	0
101403	0
101404	0
101408	0
101414	0
101416	0
101426	0
101428	0
101429	0
101430	0
101431	0
101432	0
101434	0
101438	0
101439	0
101440	0
101441	0
101444	0
101447	0
101455	0
101457	0
101459	0
101460	0
101462	0
101464	0
101467	0
101468	0
101475	0
101479	0
101485	0
101486	0
101487	0
101488	0
101489	0
101490	0
101491	0
101492	0
101494	0
101505	0
101506	0
101507	0
101512	0
101514	0
101515	0
101516	0
101517	0
101521	0
101525	0
101532	0
101540	0
101541	0
101543	0
101544	0
101552	0
101559	0
101560	0
101562	0
101563	0
101564	0
101567	0
101570	0
101574	0
101575	0
101576	0
101585	0
101593	0
101595	0
101596	0
101600	0
101605	0
101606	0
101607	0
101610	0
101611	0
101613	0
101619	0
101622	0
101628	0
101632	0
101636	0
101638	0
101641	0
101644	0
101645	0
101646	0
101648	0
101652	0
101655	0
101665	0
101669	0
101670	0
101673	0
101676	0
101679	0
101680	0
101681	0
101682	0
101683	0
101687	0
101688	0
101693	0
101699	0
101703	0
101704	0
101708	0
101710	0
101717	0
101720	0
101721	0
101727	0
101733	0
101735	0
101743	0
101745	0
101746	0
101747	0
101748	0
101751	0
101762	0
101763	0
101768	0
101769	0
101778	0
101785	0
101801	0
101804	0
101815	0
101816	0
101818	0
101819	0
101821	0
101822	0
101829	0
101832	0
101838	0
101840	0
101846	0
101847	0
101848	0
101851	0
101853	0
101854	0
101859	0
101861	0
101862	0
101863	0
101866	0
101868	0
101869	0
101880	0
101884	0
101885	0
101889	0
101891	0
101902	0
101906	0
101910	0
101911	0
101913	0
101924	0
101925	0
101927	0
101928	0
101929	0
101945	0
101947	0
101951	0
101956	0
101961	0
101979	0
101984	0
101986	0
101988	0
101992	0
101993	0
102000	0
102006	0
102010	0
102015	0
102026	0
102027	0
102040	0
102041	0
102044	0
102045	0
102046	0
102056	0
102059	0
102061	0
102062	0
102065	0
102067	0
102069	0
102075	0
102077	0
102079	0
102082	0
102083	0
102085	0
102086	0
102091	0
102094	0
102102	0
102107	0
102109	0
102110	0
102114	0
102115	0
102117	0
102120	0
102121	0
102122	0
102124	0
102125	0
102126	0
102128	0
102131	0
102134	0
102138	0
102140	0
102144	0
102152	0
102153	0
102157	0
102159	0
102160	0
102166	0
102170	0
102171	0
102173	0
102177	0
102182	0
102185	0
102186	0
102188	0
102189	0
102193	0
102195	0
102196	0
102197	0
102198	0
102199	0
102200	0
102201	0
102202	0
102204	0
102205	0
102207	0
102209	0
102211	0
102214	0
102215	0
102216	0
102218	0
102221	0
102225	0
102227	0
102234	0
102235	0
102239	0
102242	0
102260	0
102265	0
102271	0
102274	0
102351	0
102462	0
102473	0
102474	0
102475	0
102476	0
102477	0
102478	0
102479	0
102480	0
102481	0
102482	0
102483	0
102484	0
102485	0
102486	0
102488	0
102489	0
102490	0
102491	0
102492	0
102493	0
102494	0
102495	0
102496	0
102497	0
102499	0
102500	0
102501	0
102502	0
102503	0
102504	0
102506	0
102507	0
102508	0
102510	0
102511	0
102512	0
102513	0
102514	0
102515	0
102516	0
102517	0
102519	0
102520	0
102521	0
102522	0
102523	0
102524	0
102525	0
102526	0
102527	0
102528	0
102530	0
102531	0
102532	0
102533	0
102534	0
102535	0
102536	0
102537	0
102538	0
102539	0
102540	0
102541	0
102542	0
102543	0
102545	0
102546	0
102547	0
102548	0
102550	0
102552	0
102554	0
102555	0
102556	0
102557	0
102558	0
102559	0
102560	0
102561	0
102562	0
102563	0
102564	0
102565	0
102566	0
102567	0
102568	0
102569	0
102570	0
102571	0
102572	0
102574	0
102575	0
102576	0
102577	0
102578	0
102579	0
102580	0
102581	0
102582	0
102583	0
102584	0
102585	0
102586	0
102587	0
102588	0
102589	0
102590	0
102591	0
102592	0
102593	0
102594	0
102602	0
102603	0
102604	0
102605	0
102606	0
102607	0
102608	0
102609	0
102610	0
102611	0
102612	0
102613	0
102614	0
102615	0
102616	0
102627	0
102628	0
102629	0
102630	0
102631	0
102632	0
102639	0
102645	0
102646	0
102647	0
102649	0
102650	0
102651	0
102652	0
102653	0
102654	0
102655	0
102656	0
102657	0
102658	0
102659	0
102660	0
102661	0
102663	0
102691	0
102692	0
102693	0
102694	0
102695	0
102696	0
102697	0
102698	0
102699	0
102700	0
102701	0
102702	0
102703	0
102704	0
102705	0
102706	0
102707	0
102708	0
102709	0
102710	0
102711	0
102712	0
102713	0
102714	0
102715	0
102716	0
102717	0
102718	0
102719	0
102720	0
102721	0
102722	0
102723	0
102724	0
102725	0
102726	0
102727	0
102730	0
102731	0
102732	0
102733	0
102734	0
102739	0
102741	0
102743	0
102744	0
102745	0
102746	0
102748	0
102761	0
102762	0
102768	0
102771	0
102776	0
102778	0
102781	0
102785	0
102788	0
102789	0
102790	0
102791	0
102805	0
102809	0
102811	0
102815	0
102816	0
102833	0
102834	0
102837	0
102841	0
102847	0
102848	0
102849	0
102853	0
102854	0
102855	0
102862	0
102866	0
102868	0
102871	0
102874	0
102877	0
102878	0
102882	0
102891	0
102900	0
102902	0
102910	0
102911	0
102927	0
102929	0
102930	0
102940	0
102943	0
102957	0
102960	0
102978	0
102979	0
102986	0
102995	0
103019	0
103020	0
103026	0
103031	0
103033	0
103035	0
103056	0
103065	0
103066	0
103082	0
103086	0
103089	0
103090	0
103106	0
103110	0
103117	0
103121	0
103136	0
103140	0
103141	0
103162	0
103169	0
103170	0
103186	0
103191	0
103192	0
103207	0
103211	0
103217	0
103220	0
103231	0
103251	0
103255	0
103287	0
103293	0
103303	0
103312	0
103330	0
103332	0
103336	0
103346	0
103404	0
103411	0
103415	0
103426	0
103431	0
103439	0
103443	0
103453	0
103460	0
103463	0
103475	0
103477	0
103481	0
103484	0
103485	0
103496	0
103503	0
103506	0
103510	0
103512	0
103514	0
103518	0
103526	0
103532	0
103534	0
103535	0
103546	0
103551	0
103556	0
103560	0
103590	0
103593	0
103630	0
103639	0
103645	0
103647	0
103684	0
103691	0
103726	0
103728	0
103733	0
103740	0
103745	0
103748	0
103755	0
103761	0
103762	0
103785	0
103787	0
103792	0
103807	0
103821	0
103822	0
103829	0
103831	0
103850	0
103855	0
103898	0
103901	0
103914	0
103929	0
103932	0
103935	0
103936	0
103942	0
103946	0
103954	0
103969	0
103971	0
103983	0
103992	0
104002	0
104010	0
104037	0
104041	0
104046	0
104054	0
104055	0
104057	0
104071	0
104076	0
104094	0
104103	0
104118	0
104119	0
104124	0
104141	0
104157	0
104165	0
104196	0
104204	0
104205	0
104216	0
104229	0
104231	0
104233	0
104264	0
104271	0
104275	0
104295	0
104305	0
104329	0
104339	0
104341	0
104342	0
104353	0
104359	0
104368	0
104382	0
104389	0
104405	0
104407	0
104410	0
104411	0
104440	0
104446	0
104452	0
104454	0
104463	0
104480	0
104489	0
104490	0
104495	0
104496	0
104517	0
104524	0
104540	0
104543	0
104557	0
104560	0
104567	0
104574	0
104579	0
104582	0
104589	0
104597	0
104605	0
104606	0
104607	0
104633	0
104638	0
104640	0
104650	0
104673	0
104686	0
104687	0
104699	0
104706	0
104717	0
104719	0
104735	0
104743	0
104751	0
104752	0
100657	0
100914	0
101934	0
101999	0
102311	0
102342	0
102860	0
103309	0
102187	0
102191	0
101808	0
102001	0
100018	0
100021	0
100034	0
100055	0
100058	0
100068	0
100070	0
100074	0
100075	0
100095	0
100099	0
100101	0
100104	0
100108	0
100120	0
100121	0
100123	0
100124	0
100126	0
100129	0
100136	0
100141	0
100151	0
100155	0
100157	0
100158	0
100160	0
100163	0
100165	0
100168	0
100169	0
100171	0
100174	0
100175	0
100182	0
100183	0
100187	0
100188	0
100198	0
100201	0
100211	0
100216	0
100228	0
100230	0
100235	0
100238	0
100242	0
100243	0
100248	0
100249	0
100251	0
100253	0
100261	0
100265	0
100270	0
100273	0
100284	0
100287	0
100288	0
100289	0
100298	0
100305	0
100316	0
100318	0
100326	0
100330	0
100336	0
100350	0
100351	0
100354	0
100355	0
100360	0
100363	0
100377	0
100379	0
100383	0
100387	0
100389	0
100398	0
100399	0
100410	0
100411	0
100418	0
100431	0
100438	0
100445	0
100447	0
100450	0
100462	0
100464	0
100471	0
100474	0
100479	0
100480	0
100482	0
100483	0
100491	0
100494	0
100495	0
100513	0
100521	0
100523	0
100526	0
100532	0
100537	0
100538	0
100540	0
100550	0
100567	0
100573	0
100575	0
100578	0
100579	0
100580	0
100586	0
100588	0
100589	0
100599	0
100604	0
100615	0
100625	0
100628	0
100629	0
100630	0
100634	0
100640	0
100642	0
100645	0
100648	0
100649	0
100655	0
100664	0
100667	0
100671	0
100673	0
100682	0
100686	0
100690	0
100692	0
100694	0
100695	0
100696	0
100698	0
100700	0
100702	0
100707	0
100720	0
100730	0
100733	0
100743	0
100756	0
100782	0
100785	0
100799	0
100819	0
100822	0
100830	0
100841	0
100845	0
100856	0
100862	0
100863	0
100864	0
100882	0
100888	0
100889	0
100890	0
100896	0
100902	0
100907	0
100915	0
100925	0
100927	0
100928	0
100931	0
100938	0
100944	0
100952	0
100957	0
100961	0
100964	0
100966	0
100967	0
100968	0
100973	0
100974	0
100975	0
100977	0
100979	0
100985	0
100987	0
100990	0
101000	0
101005	0
101006	0
101008	0
101026	0
101029	0
101037	0
101041	0
101049	0
101051	0
101057	0
101063	0
101066	0
101069	0
101075	0
101076	0
101077	0
101078	0
101079	0
101081	0
101083	0
101084	0
101088	0
101094	0
101095	0
101099	0
101102	0
101106	0
101111	0
101113	0
101114	0
101121	0
101122	0
101127	0
101132	0
101147	0
101149	0
101150	0
101159	0
101165	0
101176	0
101182	0
101185	0
101188	0
101190	0
101191	0
101197	0
101203	0
101207	0
101210	0
101213	0
101217	0
101218	0
101222	0
101229	0
101233	0
101241	0
101243	0
101244	0
101247	0
101263	0
101265	0
101277	0
101280	0
101281	0
101286	0
101287	0
101289	0
101295	0
101299	0
101308	0
101309	0
101311	0
101312	0
101313	0
101317	0
101321	0
101322	0
101323	0
101325	0
101326	0
101328	0
101329	0
101331	0
101333	0
101337	0
101339	0
101340	0
101345	0
101359	0
101362	0
101363	0
101368	0
101370	0
101371	0
101374	0
101375	0
101381	0
101385	0
101387	0
101388	0
101389	0
101390	0
101399	0
101400	0
101402	0
101407	0
101419	0
101420	0
101422	0
101423	0
101424	0
101425	0
101433	0
101435	0
101437	0
101442	0
101443	0
101445	0
101449	0
101461	0
101463	0
101466	0
101472	0
101473	0
101474	0
101476	0
101478	0
101482	0
101483	0
101484	0
101496	0
101497	0
101498	0
101523	0
101524	0
101529	0
101530	0
101531	0
101533	0
101534	0
101535	0
101536	0
101537	0
101542	0
101550	0
101553	0
101565	0
101568	0
101569	0
101571	0
101573	0
101581	0
101588	0
101590	0
101591	0
101592	0
101597	0
101598	0
101601	0
101602	0
101608	0
101612	0
101615	0
101616	0
101617	0
101618	0
101621	0
101623	0
101625	0
101627	0
101629	0
101630	0
101631	0
101639	0
101642	0
101643	0
101649	0
101657	0
101661	0
101668	0
101675	0
101678	0
101686	0
101689	0
101691	0
101697	0
101698	0
101700	0
101701	0
101712	0
101722	0
101723	0
101725	0
101730	0
101731	0
101732	0
101734	0
101736	0
101739	0
101753	0
101757	0
101766	0
101767	0
101771	0
101773	0
101774	0
101775	0
101779	0
101780	0
101781	0
101782	0
101783	0
101784	0
101786	0
101787	0
101794	0
101796	0
101798	0
101799	0
101800	0
101802	0
101805	0
101806	0
101813	0
101825	0
101828	0
101830	0
101833	0
101839	0
101842	0
101845	0
101852	0
101855	0
101856	0
101860	0
101865	0
101873	0
101874	0
101875	0
101879	0
101881	0
101886	0
101887	0
101894	0
101897	0
101903	0
101907	0
101908	0
101912	0
101919	0
101920	0
101931	0
101935	0
101936	0
101937	0
101938	0
101942	0
101944	0
101946	0
101948	0
101952	0
101955	0
101957	0
101958	0
101960	0
101964	0
101967	0
101968	0
101972	0
101973	0
101974	0
101975	0
101983	0
101989	0
101990	0
101991	0
102002	0
102003	0
102004	0
102005	0
102016	0
102028	0
102031	0
102032	0
102033	0
102036	0
102038	0
102042	0
102047	0
102048	0
102049	0
102053	0
102060	0
102063	0
102066	0
102068	0
102071	0
102076	0
102081	0
102084	0
102089	0
102092	0
102100	0
102101	0
102104	0
102105	0
102111	0
102113	0
102118	0
102127	0
102136	0
102141	0
102142	0
102162	0
102163	0
102164	0
102165	0
102167	0
102175	0
102181	0
102190	0
102192	0
102194	0
102203	0
102206	0
102208	0
102212	0
102213	0
102217	0
102220	0
102223	0
102226	0
102230	0
102231	0
102251	0
102252	0
102253	0
102255	0
102257	0
102259	0
102262	0
102273	0
102303	0
102379	0
102383	0
102386	0
102440	0
102619	0
102624	0
102764	0
102765	0
102766	0
102769	0
102772	0
102787	0
102798	0
102799	0
102800	0
102801	0
102814	0
102820	0
102823	0
102824	0
102825	0
102827	0
102829	0
102831	0
102835	0
102856	0
102857	0
102859	0
102864	0
102865	0
102872	0
102873	0
102883	0
102885	0
102889	0
102894	0
102896	0
102913	0
102915	0
102916	0
102923	0
102924	0
102926	0
102931	0
102934	0
102936	0
102938	0
102944	0
102945	0
102953	0
102954	0
102955	0
102963	0
102964	0
102967	0
102970	0
102972	0
102975	0
102977	0
102980	0
102982	0
102985	0
102987	0
102996	0
103005	0
103006	0
103007	0
103017	0
103034	0
103037	0
103039	0
103044	0
103047	0
103055	0
103059	0
103064	0
103067	0
103077	0
103079	0
103080	0
103081	0
103098	0
103107	0
103111	0
103114	0
103115	0
103125	0
103133	0
103149	0
103163	0
103166	0
103171	0
103173	0
103176	0
103182	0
103188	0
103200	0
103201	0
103204	0
103208	0
103210	0
103216	0
103221	0
103222	0
103224	0
103230	0
103241	0
103259	0
103261	0
103263	0
103271	0
103272	0
103278	0
103280	0
103288	0
103290	0
103294	0
103295	0
103314	0
103315	0
103317	0
103322	0
103324	0
103326	0
103329	0
103331	0
103334	0
103335	0
103345	0
103347	0
103348	0
103350	0
103357	0
103358	0
103361	0
103363	0
103365	0
103366	0
103389	0
103393	0
103394	0
103395	0
103397	0
103412	0
103414	0
103420	0
103422	0
103423	0
103434	0
103436	0
103442	0
103445	0
103450	0
103458	0
103459	0
103464	0
103488	0
103492	0
103494	0
103501	0
103511	0
103517	0
103519	0
103520	0
103527	0
103550	0
103559	0
103562	0
103567	0
103583	0
103588	0
103591	0
103602	0
103608	0
103614	0
103615	0
103624	0
103634	0
103644	0
103652	0
103653	0
103654	0
103661	0
103662	0
103670	0
103683	0
103688	0
103697	0
103704	0
103708	0
103713	0
103716	0
103724	0
103727	0
103739	0
103742	0
103749	0
103752	0
103756	0
103758	0
103778	0
103784	0
103786	0
103793	0
103794	0
103798	0
103806	0
103812	0
103814	0
103819	0
103825	0
103828	0
103830	0
103834	0
103838	0
103841	0
103843	0
103846	0
103849	0
103854	0
103856	0
103860	0
103878	0
103879	0
103881	0
103889	0
103891	0
103893	0
103904	0
103906	0
103907	0
103911	0
103912	0
103913	0
103919	0
103920	0
103933	0
103940	0
103944	0
103947	0
103950	0
103951	0
103964	0
103966	0
103979	0
103981	0
103984	0
103989	0
103995	0
103997	0
104001	0
104016	0
104024	0
104027	0
104029	0
104030	0
104032	0
104051	0
104053	0
104056	0
104058	0
104061	0
104063	0
104065	0
104066	0
104075	0
104086	0
104097	0
104110	0
104130	0
104132	0
104150	0
104156	0
104170	0
104173	0
104175	0
104181	0
104183	0
104185	0
104186	0
104187	0
104190	0
104195	0
104197	0
104207	0
104212	0
104214	0
104221	0
104222	0
104228	0
104230	0
104235	0
104239	0
104246	0
104257	0
104258	0
104263	0
104267	0
104276	0
104277	0
104280	0
104292	0
104294	0
104297	0
104299	0
104300	0
104304	0
104306	0
104320	0
104321	0
104327	0
104330	0
104334	0
104340	0
104343	0
104351	0
104364	0
104372	0
104377	0
104385	0
104386	0
104403	0
104404	0
104408	0
104416	0
104420	0
104421	0
104424	0
104428	0
104438	0
104458	0
104462	0
104475	0
104487	0
104508	0
104514	0
104529	0
104541	0
104547	0
104551	0
104571	0
104578	0
104581	0
104591	0
104593	0
104603	0
104617	0
104622	0
104634	0
104635	0
104643	0
104645	0
104647	0
104656	0
104677	0
104681	0
104698	0
104701	0
104708	0
104709	0
104745	0
104753	0
100406	0
101548	0
101637	0
101690	0
101427	0
101923	0
101378	0
102070	0
100631	0
102509	0
103123	0
103258	0
103587	0
103633	0
101954	0
103632	0
101692	0
102112	0
100000	0
100030	0
100035	0
100038	0
100040	0
100043	0
100061	0
100077	0
100086	0
100091	0
100096	0
100097	0
100098	0
100109	0
100112	0
100114	0
100117	0
100125	0
100133	0
100134	0
100146	0
100159	0
100161	0
100172	0
100184	0
100190	0
100205	0
100226	0
100232	0
100237	0
100252	0
100257	0
100282	0
100317	0
100327	0
100337	0
100339	0
100343	0
100345	0
100371	0
100378	0
100381	0
100382	0
100388	0
100395	0
100401	0
100404	0
100419	0
100428	0
100435	0
100437	0
100455	0
100469	0
100475	0
100476	0
100478	0
100481	0
100490	0
100497	0
100505	0
100512	0
100524	0
100533	0
100534	0
100536	0
100539	0
100559	0
100562	0
100581	0
100587	0
100592	0
100598	0
100608	0
100613	0
100615	0
100617	0
100621	0
100622	0
100637	0
100654	0
100663	0
100666	0
100678	0
100683	0
100707	0
100710	0
100752	0
100764	0
100787	0
100788	0
100826	0
100846	0
100871	0
100922	0
100940	0
100942	0
100946	0
100951	0
100959	0
100963	0
100986	0
100993	0
100997	0
100998	0
101004	0
101011	0
101017	0
101035	0
101040	0
101044	0
101046	0
101053	0
101054	0
101067	0
101073	0
101074	0
101103	0
101105	0
101109	0
101115	0
101133	0
101138	0
101139	0
101142	0
101148	0
101154	0
101160	0
101161	0
101167	0
101177	0
101184	0
101214	0
101251	0
101257	0
101260	0
101267	0
101282	0
101283	0
101284	0
101290	0
101296	0
101305	0
101338	0
101341	0
101343	0
101347	0
101348	0
101350	0
101351	0
101352	0
101353	0
101354	0
101355	0
101365	0
101369	0
101372	0
101373	0
101383	0
101391	0
101397	0
101409	0
101411	0
101412	0
101413	0
101415	0
101421	0
101436	0
101446	0
101448	0
101450	0
101453	0
101454	0
101457	0
101458	0
101465	0
101469	0
101470	0
101471	0
101495	0
101499	0
101500	0
101501	0
101502	0
101503	0
101504	0
101510	0
101511	0
101513	0
101520	0
101528	0
101545	0
101546	0
101554	0
101555	0
101557	0
101561	0
101566	0
101582	0
101583	0
101584	0
101587	0
101594	0
101599	0
101603	0
101604	0
101609	0
101614	0
101620	0
101635	0
101653	0
101654	0
101656	0
101658	0
101659	0
101660	0
101662	0
101666	0
101667	0
101671	0
101672	0
101674	0
101677	0
101685	0
101694	0
101695	0
101696	0
101711	0
101713	0
101718	0
101719	0
101728	0
101740	0
101744	0
101749	0
101754	0
101756	0
101764	0
101788	0
101789	0
101790	0
101791	0
101792	0
101793	0
101795	0
101797	0
101800	0
101803	0
101805	0
101809	0
101817	0
101820	0
101826	0
101827	0
101831	0
101835	0
101843	0
101850	0
101864	0
101871	0
101876	0
101893	0
101904	0
101909	0
101918	0
101921	0
101933	0
101939	0
101943	0
101971	0
102050	0
102055	0
102064	0
102073	0
102080	0
102087	0
102088	0
102089	0
102097	0
102119	0
102133	0
102135	0
102139	0
102147	0
102148	0
102154	0
102158	0
102169	0
102174	0
102178	0
102183	0
102184	0
102219	0
102236	0
102238	0
102240	0
102244	0
102249	0
102254	0
102266	0
102267	0
102272	0
102275	0
102277	0
102352	0
102366	0
102438	0
102439	0
102505	0
103004	0
103008	0
103011	0
103012	0
103013	0
103028	0
103038	0
103040	0
103048	0
103054	0
103061	0
103075	0
103076	0
103083	0
103093	0
103094	0
103099	0
103104	0
103119	0
103122	0
103128	0
103158	0
103160	0
103161	0
103174	0
103179	0
103193	0
103194	0
103214	0
103218	0
103219	0
103225	0
103246	0
103250	0
103257	0
103262	0
103266	0
103270	0
103277	0
103280	0
103289	0
103298	0
103304	0
103355	0
103369	0
103373	0
103379	0
103384	0
103403	0
103418	0
103428	0
103466	0
103471	0
103491	0
103523	0
103525	0
103549	0
103579	0
103580	0
103589	0
103592	0
103594	0
103618	0
103622	0
103628	0
103631	0
103636	0
103648	0
103655	0
103666	0
103669	0
103680	0
103682	0
103689	0
103692	0
103702	0
103721	0
103742	0
103750	0
103763	0
103766	0
103783	0
103805	0
103810	0
103820	0
103832	0
103852	0
103857	0
103863	0
103865	0
103871	0
103876	0
103877	0
103880	0
103882	0
103886	0
103902	0
103905	0
103923	0
103930	0
103961	0
103965	0
103972	0
104011	0
104026	0
104036	0
104049	0
104062	0
104073	0
104079	0
104085	0
104116	0
104123	0
104135	0
104136	0
104139	0
104140	0
104166	0
104175	0
104210	0
104215	0
104225	0
104236	0
104253	0
104285	0
104288	0
104301	0
104303	0
104307	0
104314	0
104319	0
104337	0
104357	0
104362	0
104367	0
104394	0
104402	0
104444	0
104447	0
104472	0
104491	0
104493	0
104500	0
104505	0
104513	0
104526	0
104534	0
104545	0
104546	0
104561	0
104564	0
104608	0
104654	0
104669	0
104696	0
104718	0
104724	0
104729	0
104730	0
104731	0
104732	0
100861	0
102648	0
103203	0
100000	9
100001	9
100002	9
100003	9
100004	9
100005	9
100006	9
100007	9
100008	9
100009	9
100010	9
100011	9
100012	9
100013	9
100014	9
100015	9
100016	9
100017	9
100018	9
100019	9
100020	9
100021	9
100022	9
100023	9
100024	9
100025	9
100026	9
100027	9
100028	9
100029	9
100030	9
100031	9
100032	9
100033	9
100034	9
100035	9
100036	9
100037	9
100038	9
100039	9
100040	9
100041	9
100042	9
100043	9
100044	9
100045	9
100046	9
100047	9
100048	9
100049	9
100050	9
100051	9
100052	9
100053	9
100054	9
100055	9
100056	9
100057	9
100058	9
100059	9
100060	9
100061	9
100062	9
100063	9
100064	9
100065	9
100066	9
100067	9
100068	9
100069	9
100070	9
100071	9
100072	9
100073	9
100074	9
100075	9
100076	9
100077	9
100078	9
100079	9
100080	9
100081	9
100082	9
100083	9
100084	9
100085	9
100086	9
100087	9
100088	9
100089	9
100090	9
100091	9
100092	9
100093	9
100094	9
100095	9
100096	9
100097	9
100098	9
100099	9
100100	9
100101	9
100102	9
100103	9
100104	9
100105	9
100106	9
100107	9
100108	9
100109	9
100110	9
100111	9
100112	9
100113	9
100114	9
100115	9
100116	9
100117	9
100118	9
100119	9
100120	9
100121	9
100122	9
100123	9
100124	9
100125	9
100126	9
100127	9
100128	9
100129	9
100130	9
100131	9
100132	9
100133	9
100134	9
100135	9
100136	9
100137	9
100138	9
100139	9
100140	9
100141	9
100142	9
100143	9
100144	9
100145	9
100146	9
100147	9
100148	9
100149	9
100150	9
100151	9
100152	9
100153	9
100154	9
100155	9
100156	9
100157	9
100158	9
100159	9
100160	9
100161	9
100162	9
100163	9
100164	9
100165	9
100166	9
100167	9
100168	9
100169	9
100170	9
100171	9
100172	9
100173	9
100174	9
100175	9
100176	9
100177	9
100178	9
100179	9
100180	9
100181	9
100182	9
100183	9
100184	9
100185	9
100186	9
100187	9
100188	9
100189	9
100190	9
100191	9
100192	9
100193	9
100194	9
100195	9
100196	9
100197	9
100198	9
100200	9
100201	9
100202	9
100203	9
100204	9
100205	9
100206	9
100207	9
100208	9
100209	9
100210	9
100211	9
100212	9
100213	9
100214	9
100215	9
100216	9
100217	9
100218	9
100219	9
100220	9
100221	9
100222	9
100223	9
100224	9
100225	9
100226	9
100227	9
100228	9
100229	9
100230	9
100231	9
100232	9
100233	9
100234	9
100235	9
100236	9
100237	9
100238	9
100239	9
100240	9
100241	9
100242	9
100243	9
100244	9
100245	9
100246	9
100247	9
100248	9
100249	9
100250	9
100251	9
100252	9
100253	9
100254	9
100255	9
100256	9
100257	9
100258	9
100259	9
100260	9
100261	9
100262	9
100263	9
100264	9
100265	9
100266	9
100267	9
100268	9
100269	9
100270	9
100271	9
100272	9
100273	9
100274	9
100275	9
100276	9
100277	9
100278	9
100279	9
100280	9
100282	9
100283	9
100284	9
100285	9
100286	9
100287	9
100288	9
100289	9
100290	9
100291	9
100292	9
100293	9
100294	9
100295	9
100296	9
100297	9
100298	9
100299	9
100300	9
100301	9
100302	9
100303	9
100304	9
100305	9
100306	9
100307	9
100308	9
100309	9
100310	9
100311	9
100312	9
100313	9
100314	9
100315	9
100316	9
100317	9
100318	9
100319	9
100320	9
100321	9
100322	9
100323	9
100324	9
100325	9
100326	9
100327	9
100328	9
100329	9
100330	9
100331	9
100332	9
100333	9
100334	9
100335	9
100336	9
100337	9
100338	9
100339	9
100340	9
100341	9
100342	9
100343	9
100344	9
100345	9
100346	9
100347	9
100348	9
100349	9
100350	9
100351	9
100352	9
100353	9
100354	9
100355	9
100356	9
100357	9
100358	9
100359	9
100360	9
100361	9
100362	9
100363	9
100364	9
100365	9
100366	9
100367	9
100368	9
100369	9
100370	9
100371	9
100372	9
100373	9
100374	9
100375	9
100376	9
100377	9
100378	9
100379	9
100380	9
100381	9
100382	9
100383	9
100384	9
100385	9
100386	9
100387	9
100388	9
100389	9
100390	9
100391	9
100392	9
100393	9
100394	9
100395	9
100396	9
100397	9
100398	9
100399	9
100400	9
100401	9
100402	9
100403	9
100404	9
100405	9
100407	9
100408	9
100409	9
100410	9
100411	9
100412	9
100413	9
100414	9
100415	9
100416	9
100417	9
100418	9
100419	9
100420	9
100421	9
100422	9
100423	9
100424	9
100425	9
100426	9
100427	9
100428	9
100429	9
100430	9
100431	9
100432	9
100433	9
100434	9
100435	9
100436	9
100437	9
100438	9
100439	9
100440	9
100441	9
100442	9
100443	9
100444	9
100445	9
100446	9
100447	9
100448	9
100449	9
100450	9
100451	9
100452	9
100453	9
100454	9
100455	9
100456	9
100457	9
100458	9
100459	9
100460	9
100461	9
100462	9
100463	9
100464	9
100465	9
100466	9
100467	9
100468	9
100469	9
100470	9
100471	9
100472	9
100473	9
100474	9
100475	9
100476	9
100477	9
100478	9
100479	9
100480	9
100481	9
100482	9
100483	9
100484	9
100485	9
100486	9
100487	9
100488	9
100489	9
100490	9
100491	9
100492	9
100493	9
100494	9
100495	9
100496	9
100497	9
100498	9
100499	9
100500	9
100501	9
100502	9
100503	9
100504	9
100505	9
100506	9
100507	9
100508	9
100509	9
100510	9
100511	9
100512	9
100513	9
100514	9
100515	9
100516	9
100517	9
100518	9
100519	9
100520	9
100521	9
100522	9
100523	9
100524	9
100525	9
100526	9
100527	9
100528	9
100529	9
100530	9
100531	9
100532	9
100533	9
100534	9
100535	9
100536	9
100537	9
100538	9
100539	9
100540	9
100541	9
100542	9
100543	9
100544	9
100545	9
100546	9
100547	9
100548	9
100549	9
100550	9
100551	9
100552	9
100553	9
100554	9
100556	9
100557	9
100558	9
100559	9
100560	9
100561	9
100562	9
100563	9
100564	9
100565	9
100566	9
100567	9
100568	9
100569	9
100570	9
100571	9
100572	9
100573	9
100574	9
100575	9
100576	9
100577	9
100578	9
100579	9
100580	9
100581	9
100582	9
100583	9
100584	9
100585	9
100586	9
100587	9
100588	9
100589	9
100591	9
100592	9
100593	9
100594	9
100595	9
100596	9
100597	9
100598	9
100599	9
100600	9
100601	9
100602	9
100603	9
100604	9
100605	9
100606	9
100607	9
100608	9
100609	9
100610	9
100611	9
100612	9
100613	9
100614	9
100615	9
100616	9
100617	9
100618	9
100619	9
100620	9
100621	9
100622	9
100623	9
100624	9
100625	9
100626	9
100627	9
100628	9
100629	9
100630	9
100632	9
100633	9
100634	9
100635	9
100636	9
100637	9
100638	9
100639	9
100640	9
100641	9
100642	9
100643	9
100644	9
100645	9
100646	9
100647	9
100648	9
100649	9
100650	9
100651	9
100652	9
100653	9
100654	9
100655	9
100656	9
100658	9
100659	9
100660	9
100661	9
100662	9
100663	9
100664	9
100665	9
100666	9
100667	9
100668	9
100669	9
100670	9
100671	9
100672	9
100673	9
100674	9
100675	9
100676	9
100677	9
100678	9
100679	9
100680	9
100681	9
100682	9
100683	9
100684	9
100685	9
100686	9
100687	9
100688	9
100689	9
100690	9
100691	9
100692	9
100693	9
100694	9
100695	9
100696	9
100697	9
100698	9
100699	9
100700	9
100701	9
100702	9
100703	9
100704	9
100705	9
100706	9
100707	9
100708	9
100709	9
100710	9
100711	9
100712	9
100713	9
100714	9
100715	9
100716	9
100717	9
100718	9
100719	9
100720	9
100721	9
100722	9
100723	9
100724	9
100725	9
100726	9
100727	9
100728	9
100729	9
100730	9
100731	9
100732	9
100733	9
100734	9
100735	9
100736	9
100737	9
100738	9
100739	9
100740	9
100741	9
100742	9
100743	9
100744	9
100745	9
100746	9
100747	9
100748	9
100749	9
100750	9
100751	9
100752	9
100753	9
100754	9
100755	9
100756	9
100757	9
100758	9
100759	9
100760	9
100761	9
100762	9
100763	9
100764	9
100765	9
100766	9
100767	9
100768	9
100769	9
100770	9
100771	9
100772	9
100773	9
100774	9
100775	9
100776	9
100777	9
100778	9
100779	9
100780	9
100781	9
100782	9
100783	9
100784	9
100785	9
100786	9
100787	9
100788	9
100789	9
100790	9
100791	9
100792	9
100793	9
100794	9
100795	9
100796	9
100797	9
100798	9
100799	9
100800	9
100801	9
100802	9
100803	9
100804	9
100805	9
100806	9
100807	9
100809	9
100810	9
100811	9
100812	9
100813	9
100814	9
100815	9
100816	9
100817	9
100818	9
100819	9
100820	9
100821	9
100822	9
100823	9
100824	9
100825	9
100826	9
100827	9
100828	9
100829	9
100830	9
100831	9
100832	9
100833	9
100834	9
100835	9
100836	9
100837	9
100838	9
100839	9
100840	9
100841	9
100842	9
100843	9
100844	9
100845	9
100846	9
100847	9
100848	9
100849	9
100851	9
100852	9
100853	9
100854	9
100855	9
100856	9
100857	9
100858	9
100859	9
100860	9
100862	9
100863	9
100864	9
100865	9
100866	9
100867	9
100868	9
100869	9
100870	9
100871	9
100872	9
100873	9
100874	9
100875	9
100876	9
100877	9
100878	9
100879	9
100880	9
100881	9
100882	9
100883	9
100884	9
100885	9
100886	9
100887	9
100888	9
100889	9
100890	9
100891	9
100892	9
100893	9
100894	9
100895	9
100896	9
100897	9
100898	9
100899	9
100900	9
100901	9
100902	9
100903	9
100904	9
100905	9
100906	9
100907	9
100908	9
100909	9
100910	9
100911	9
100912	9
100913	9
100915	9
100916	9
100917	9
100918	9
100919	9
100920	9
100921	9
100922	9
100923	9
100924	9
100925	9
100926	9
100927	9
100928	9
100929	9
100930	9
100931	9
100932	9
100933	9
100934	9
100935	9
100936	9
100937	9
100938	9
100939	9
100940	9
100941	9
100942	9
100943	9
100944	9
100945	9
100946	9
100947	9
100948	9
100949	9
100950	9
100951	9
100952	9
100953	9
100954	9
100955	9
100956	9
100957	9
100958	9
100959	9
100960	9
100961	9
100962	9
100963	9
100964	9
100965	9
100966	9
100967	9
100968	9
100969	9
100970	9
100971	9
100972	9
100973	9
100974	9
100975	9
100976	9
100977	9
100978	9
100979	9
100980	9
100981	9
100982	9
100983	9
100984	9
100985	9
100986	9
100987	9
100988	9
100989	9
100990	9
100991	9
100992	9
100993	9
100994	9
100995	9
100996	9
100997	9
100998	9
100999	9
101000	9
101001	9
101002	9
101003	9
101004	9
101005	9
101006	9
101007	9
101008	9
101009	9
101010	9
101011	9
101012	9
101013	9
101014	9
101015	9
101016	9
101017	9
101018	9
101019	9
101020	9
101021	9
101022	9
101023	9
101024	9
101025	9
101026	9
101027	9
101029	9
101030	9
101031	9
101032	9
101033	9
101034	9
101035	9
101036	9
101037	9
101038	9
101039	9
101040	9
101041	9
101042	9
101043	9
101044	9
101045	9
101046	9
101047	9
101048	9
101049	9
101050	9
101051	9
101052	9
101053	9
101054	9
101055	9
101056	9
101057	9
101058	9
101059	9
101060	9
101061	9
101062	9
101063	9
101064	9
101065	9
101066	9
101067	9
101068	9
101069	9
101070	9
101071	9
101072	9
101073	9
101074	9
101075	9
101076	9
101077	9
101078	9
101079	9
101080	9
101081	9
101082	9
101083	9
101084	9
101085	9
101086	9
101087	9
101088	9
101089	9
101090	9
101091	9
101092	9
101093	9
101094	9
101095	9
101096	9
101097	9
101098	9
101099	9
101100	9
101101	9
101102	9
101103	9
101104	9
101105	9
101106	9
101107	9
101108	9
101109	9
101110	9
101111	9
101112	9
101113	9
101114	9
101115	9
101116	9
101117	9
101118	9
101119	9
101120	9
101121	9
101122	9
101123	9
101124	9
101125	9
101126	9
101127	9
101128	9
101129	9
101130	9
101131	9
101132	9
101133	9
101134	9
101135	9
101136	9
101137	9
101138	9
101139	9
101140	9
101141	9
101142	9
101143	9
101144	9
101145	9
101146	9
101147	9
101148	9
101149	9
101150	9
101151	9
101152	9
101153	9
101154	9
101155	9
101156	9
101157	9
101158	9
101159	9
101160	9
101161	9
101162	9
101163	9
101164	9
101165	9
101166	9
101167	9
101168	9
101169	9
101170	9
101171	9
101172	9
101173	9
101174	9
101175	9
101176	9
101177	9
101178	9
101179	9
101180	9
101181	9
101182	9
101183	9
101184	9
101185	9
101186	9
101187	9
101188	9
101189	9
101190	9
101191	9
101192	9
101193	9
101194	9
101195	9
101196	9
101197	9
101198	9
101199	9
101200	9
101201	9
101202	9
101203	9
101204	9
101205	9
101206	9
101207	9
101208	9
101209	9
101210	9
101211	9
101212	9
101213	9
101214	9
101215	9
101216	9
101217	9
101218	9
101219	9
101220	9
101221	9
101222	9
101223	9
101224	9
101225	9
101226	9
101227	9
101228	9
101229	9
101230	9
101231	9
101232	9
101233	9
101234	9
101235	9
101236	9
101237	9
101238	9
101239	9
101240	9
101241	9
101242	9
101243	9
101244	9
101245	9
101246	9
101247	9
101248	9
101249	9
101250	9
101251	9
101252	9
101253	9
101254	9
101255	9
101256	9
101257	9
101258	9
101259	9
101260	9
101261	9
101262	9
101263	9
101264	9
101265	9
101266	9
101267	9
101268	9
101269	9
101270	9
101271	9
101272	9
101273	9
101274	9
101275	9
101276	9
101277	9
101278	9
101279	9
101280	9
101281	9
101282	9
101283	9
101284	9
101285	9
101286	9
101287	9
101288	9
101289	9
101290	9
101291	9
101292	9
101293	9
101294	9
101295	9
101296	9
101297	9
101298	9
101299	9
101300	9
101301	9
101302	9
101303	9
101304	9
101305	9
101306	9
101307	9
101308	9
101309	9
101310	9
101311	9
101312	9
101313	9
101314	9
101315	9
101316	9
101317	9
101318	9
101319	9
101320	9
101321	9
101322	9
101323	9
101324	9
101325	9
101326	9
101327	9
101328	9
101329	9
101330	9
101331	9
101332	9
101333	9
101334	9
101335	9
101336	9
101337	9
101338	9
101339	9
101340	9
101341	9
101342	9
101343	9
101344	9
101345	9
101346	9
101347	9
101348	9
101349	9
101350	9
101351	9
101352	9
101353	9
101354	9
101355	9
101356	9
101357	9
101358	9
101359	9
101360	9
101361	9
101362	9
101363	9
101364	9
101365	9
101366	9
101367	9
101368	9
101369	9
101370	9
101371	9
101372	9
101373	9
101374	9
101375	9
101376	9
101377	9
101380	9
101381	9
101382	9
101383	9
101384	9
101385	9
101386	9
101387	9
101388	9
101389	9
101390	9
101391	9
101392	9
101393	9
101394	9
101395	9
101396	9
101397	9
101398	9
101399	9
101400	9
101401	9
101402	9
101403	9
101404	9
101405	9
101406	9
101407	9
101408	9
101409	9
101410	9
101411	9
101412	9
101413	9
101414	9
101415	9
101416	9
101417	9
101418	9
101419	9
101420	9
101421	9
101422	9
101423	9
101424	9
101425	9
101426	9
101428	9
101429	9
101430	9
101431	9
101432	9
101433	9
101434	9
101435	9
101436	9
101437	9
101438	9
101439	9
101440	9
101441	9
101442	9
101443	9
101444	9
101445	9
101446	9
101447	9
101448	9
101449	9
101450	9
101451	9
101452	9
101453	9
101454	9
101455	9
101456	9
101457	9
101458	9
101459	9
101460	9
101461	9
101462	9
101463	9
101464	9
101465	9
101466	9
101467	9
101468	9
101469	9
101470	9
101471	9
101472	9
101473	9
101474	9
101475	9
101476	9
101478	9
101479	9
101480	9
101481	9
101482	9
101483	9
101484	9
101485	9
101486	9
101487	9
101488	9
101489	9
101490	9
101491	9
101492	9
101493	9
101494	9
101495	9
101496	9
101497	9
101498	9
101499	9
101500	9
101501	9
101502	9
101503	9
101504	9
101505	9
101506	9
101507	9
101508	9
101509	9
101510	9
101511	9
101512	9
101513	9
101514	9
101515	9
101516	9
101517	9
101518	9
101519	9
101520	9
101521	9
101522	9
101523	9
101524	9
101525	9
101526	9
101527	9
101528	9
101529	9
101530	9
101531	9
101532	9
101533	9
101534	9
101535	9
101536	9
101537	9
101538	9
101539	9
101540	9
101541	9
101542	9
101543	9
101544	9
101545	9
101546	9
101547	9
101549	9
101550	9
101551	9
101552	9
101553	9
101554	9
101555	9
101556	9
101557	9
101558	9
101559	9
101560	9
101561	9
101562	9
101563	9
101564	9
101565	9
101566	9
101567	9
101568	9
101569	9
101570	9
101571	9
101573	9
101574	9
101575	9
101576	9
101577	9
101578	9
101579	9
101580	9
101581	9
101582	9
101583	9
101584	9
101585	9
101586	9
101587	9
101588	9
101589	9
101590	9
101591	9
101592	9
101593	9
101594	9
101595	9
101596	9
101597	9
101598	9
101599	9
101600	9
101601	9
101602	9
101603	9
101604	9
101605	9
101606	9
101607	9
101608	9
101609	9
101610	9
101611	9
101612	9
101613	9
101614	9
101615	9
101616	9
101617	9
101618	9
101619	9
101620	9
101621	9
101622	9
101623	9
101624	9
101625	9
101626	9
101627	9
101628	9
101629	9
101630	9
101631	9
101632	9
101633	9
101634	9
101635	9
101636	9
101638	9
101639	9
101640	9
101641	9
101642	9
101643	9
101644	9
101645	9
101646	9
101648	9
101649	9
101650	9
101651	9
101652	9
101653	9
101654	9
101655	9
101656	9
101657	9
101658	9
101659	9
101660	9
101661	9
101662	9
101663	9
101664	9
101665	9
101666	9
101667	9
101668	9
101669	9
101670	9
101671	9
101672	9
101673	9
101674	9
101675	9
101676	9
101677	9
101678	9
101679	9
101680	9
101681	9
101682	9
101683	9
101685	9
101686	9
101687	9
101688	9
101689	9
101691	9
101693	9
101694	9
101695	9
101696	9
101697	9
101698	9
101699	9
101700	9
101701	9
101702	9
101703	9
101704	9
101705	9
101706	9
101707	9
101708	9
101709	9
101710	9
101711	9
101712	9
101713	9
101714	9
101715	9
101716	9
101717	9
101718	9
101719	9
101720	9
101721	9
101722	9
101723	9
101724	9
101725	9
101726	9
101727	9
101728	9
101729	9
101730	9
101731	9
101732	9
101733	9
101734	9
101735	9
101736	9
101737	9
101738	9
101739	9
101740	9
101741	9
101742	9
101743	9
101744	9
101745	9
101746	9
101747	9
101748	9
101749	9
101750	9
101751	9
101752	9
101753	9
101754	9
101755	9
101756	9
101757	9
101758	9
101759	9
101760	9
101761	9
101762	9
101763	9
101764	9
101765	9
101766	9
101767	9
101768	9
101769	9
101770	9
101771	9
101772	9
101773	9
101774	9
101775	9
101776	9
101777	9
101778	9
101779	9
101780	9
101781	9
101782	9
101783	9
101784	9
101785	9
101786	9
101787	9
101788	9
101789	9
101790	9
101791	9
101792	9
101793	9
101794	9
101795	9
101796	9
101797	9
101798	9
101799	9
101800	9
101801	9
101802	9
101803	9
101804	9
101805	9
101806	9
101807	9
101809	9
101810	9
101811	9
101812	9
101813	9
101814	9
101815	9
101816	9
101817	9
101818	9
101819	9
101820	9
101821	9
101822	9
101823	9
101824	9
101825	9
101826	9
101827	9
101828	9
101829	9
101830	9
101831	9
101832	9
101833	9
101834	9
101835	9
101837	9
101838	9
101839	9
101840	9
101842	9
101843	9
101844	9
101845	9
101846	9
101847	9
101848	9
101849	9
101850	9
101851	9
101852	9
101853	9
101854	9
101855	9
101856	9
101857	9
101859	9
101860	9
101861	9
101862	9
101863	9
101864	9
101865	9
101866	9
101867	9
101868	9
101869	9
101870	9
101871	9
101872	9
101873	9
101874	9
101875	9
101876	9
101877	9
101878	9
101879	9
101880	9
101881	9
101882	9
101883	9
101884	9
101885	9
101886	9
101887	9
101888	9
101889	9
101890	9
101891	9
101892	9
101893	9
101894	9
101895	9
101896	9
101897	9
101898	9
101899	9
101900	9
101901	9
101902	9
101903	9
101904	9
101905	9
101906	9
101907	9
101908	9
101909	9
101910	9
101911	9
101912	9
101913	9
101914	9
101915	9
101916	9
101917	9
101918	9
101919	9
101920	9
101921	9
101922	9
101924	9
101925	9
101926	9
101927	9
101928	9
101929	9
101930	9
101931	9
101932	9
101933	9
101935	9
101936	9
101937	9
101938	9
101939	9
101940	9
101941	9
101942	9
101943	9
101944	9
101945	9
101946	9
101947	9
101948	9
101949	9
101950	9
101951	9
101952	9
101953	9
101955	9
101956	9
101957	9
101958	9
101959	9
101960	9
101961	9
101962	9
101963	9
101964	9
101965	9
101966	9
101967	9
101968	9
101969	9
101970	9
101971	9
101972	9
101973	9
101974	9
101975	9
101976	9
101977	9
101978	9
101979	9
101980	9
101981	9
101982	9
101983	9
101984	9
101986	9
101988	9
101989	9
101990	9
101991	9
101992	9
101993	9
101994	9
101995	9
101996	9
101997	9
101998	9
102000	9
102002	9
102003	9
102004	9
102005	9
102006	9
102007	9
102008	9
102009	9
102010	9
102011	9
102012	9
102013	9
102014	9
102015	9
102016	9
102017	9
102018	9
102019	9
102020	9
102021	9
102022	9
102023	9
102024	9
102025	9
102026	9
102027	9
102028	9
102029	9
102030	9
102031	9
102032	9
102033	9
102034	9
102035	9
102036	9
102037	9
102038	9
102039	9
102040	9
102041	9
102042	9
102043	9
102044	9
102045	9
102046	9
102047	9
102048	9
102049	9
102050	9
102051	9
102052	9
102053	9
102054	9
102055	9
102056	9
102057	9
102058	9
102059	9
102060	9
102061	9
102062	9
102063	9
102064	9
102065	9
102066	9
102067	9
102068	9
102069	9
102071	9
102073	9
102074	9
102075	9
102076	9
102077	9
102078	9
102079	9
102080	9
102081	9
102082	9
102083	9
102084	9
102085	9
102086	9
102087	9
102088	9
102089	9
102090	9
102091	9
102092	9
102093	9
102094	9
102095	9
102096	9
102097	9
102098	9
102100	9
102101	9
102102	9
102103	9
102104	9
102105	9
102106	9
102107	9
102108	9
102109	9
102110	9
102111	9
102113	9
102114	9
102115	9
102116	9
102117	9
102118	9
102119	9
102120	9
102121	9
102122	9
102123	9
102124	9
102125	9
102126	9
102127	9
102128	9
102130	9
102131	9
102132	9
102133	9
102134	9
102135	9
102136	9
102137	9
102138	9
102139	9
102140	9
102141	9
102142	9
102143	9
102144	9
102145	9
102147	9
102148	9
102149	9
102150	9
102152	9
102153	9
102154	9
102155	9
102156	9
102157	9
102158	9
102159	9
102160	9
102161	9
102162	9
102163	9
102164	9
102165	9
102166	9
102167	9
102168	9
102169	9
102170	9
102171	9
102172	9
102173	9
102174	9
102175	9
102176	9
102177	9
102178	9
102180	9
102181	9
102182	9
102183	9
102184	9
102185	9
102186	9
102188	9
102189	9
102190	9
102192	9
102193	9
102194	9
102195	9
102196	9
102197	9
102198	9
102199	9
102200	9
102201	9
102202	9
102203	9
102204	9
102205	9
102206	9
102207	9
102208	9
102209	9
102210	9
102211	9
102212	9
102213	9
102214	9
102215	9
102216	9
102217	9
102218	9
102219	9
102220	9
102221	9
102222	9
102223	9
102224	9
102225	9
102226	9
102227	9
102228	9
102229	9
102230	9
102231	9
102233	9
102234	9
102235	9
102236	9
102237	9
102238	9
102239	9
102240	9
102241	9
102242	9
102243	9
102244	9
102245	9
102246	9
102247	9
102248	9
102249	9
102250	9
102251	9
102252	9
102253	9
102254	9
102255	9
102256	9
102257	9
102258	9
102259	9
102260	9
102261	9
102262	9
102263	9
102264	9
102265	9
102266	9
102267	9
102268	9
102269	9
102270	9
102271	9
102272	9
102273	9
102274	9
102275	9
102276	9
102277	9
102278	9
102279	9
102280	9
102281	9
102282	9
102283	9
102284	9
102285	9
102286	9
102287	9
102288	9
102289	9
102290	9
102291	9
102292	9
102293	9
102294	9
102295	9
102296	9
102297	9
102298	9
102299	9
102301	9
102302	9
102303	9
102304	9
102305	9
102306	9
102307	9
102308	9
102309	9
102310	9
102312	9
102313	9
102314	9
102315	9
102316	9
102317	9
102318	9
102319	9
102320	9
102321	9
102322	9
102323	9
102324	9
102325	9
102326	9
102327	9
102328	9
102329	9
102330	9
102331	9
102332	9
102333	9
102334	9
102335	9
102336	9
102337	9
102338	9
102339	9
102340	9
102341	9
102343	9
102344	9
102345	9
102346	9
102347	9
102348	9
102349	9
102350	9
102351	9
102352	9
102353	9
102354	9
102355	9
102356	9
102357	9
102358	9
102359	9
102360	9
102361	9
102362	9
102363	9
102364	9
102365	9
102366	9
102367	9
102368	9
102369	9
102370	9
102371	9
102372	9
102373	9
102374	9
102375	9
102376	9
102377	9
102378	9
102379	9
102380	9
102381	9
102382	9
102383	9
102384	9
102385	9
102386	9
102387	9
102388	9
102389	9
102390	9
102391	9
102392	9
102393	9
102394	9
102395	9
102396	9
102397	9
102398	9
102399	9
102400	9
102401	9
102402	9
102403	9
102404	9
102405	9
102406	9
102407	9
102408	9
102409	9
102410	9
102411	9
102412	9
102413	9
102414	9
102415	9
102416	9
102417	9
102418	9
102419	9
102420	9
102421	9
102422	9
102423	9
102424	9
102425	9
102426	9
102427	9
102428	9
102429	9
102430	9
102431	9
102432	9
102433	9
102434	9
102435	9
102436	9
102437	9
102438	9
102439	9
102440	9
102441	9
102442	9
102443	9
102444	9
102445	9
102446	9
102447	9
102448	9
102449	9
102450	9
102451	9
102452	9
102453	9
102454	9
102455	9
102456	9
102457	9
102458	9
102459	9
102460	9
102461	9
102462	9
102463	9
102464	9
102465	9
102466	9
102467	9
102468	9
102469	9
102470	9
102471	9
102472	9
102473	9
102474	9
102475	9
102476	9
102477	9
102478	9
102479	9
102480	9
102481	9
102482	9
102483	9
102484	9
102485	9
102486	9
102488	9
102489	9
102490	9
102491	9
102492	9
102493	9
102494	9
102495	9
102496	9
102497	9
102498	9
102499	9
102500	9
102501	9
102502	9
102503	9
102504	9
102505	9
102506	9
102507	9
102508	9
102510	9
102511	9
102512	9
102513	9
102514	9
102515	9
102516	9
102517	9
102518	9
102519	9
102520	9
102521	9
102522	9
102523	9
102524	9
102525	9
102526	9
102527	9
102528	9
102529	9
102530	9
102531	9
102532	9
102533	9
102534	9
102535	9
102536	9
102537	9
102538	9
102539	9
102540	9
102541	9
102542	9
102543	9
102545	9
102546	9
102547	9
102548	9
102549	9
102550	9
102552	9
102553	9
102554	9
102555	9
102556	9
102557	9
102558	9
102559	9
102560	9
102561	9
102562	9
102563	9
102564	9
102565	9
102566	9
102567	9
102568	9
102569	9
102570	9
102571	9
102572	9
102573	9
102574	9
102575	9
102576	9
102577	9
102578	9
102579	9
102580	9
102581	9
102582	9
102583	9
102584	9
102585	9
102586	9
102587	9
102588	9
102589	9
102590	9
102591	9
102592	9
102593	9
102594	9
102595	9
102596	9
102597	9
102598	9
102599	9
102600	9
102601	9
102602	9
102603	9
102604	9
102605	9
102606	9
102607	9
102608	9
102609	9
102610	9
102611	9
102612	9
102613	9
102614	9
102615	9
102616	9
102617	9
102618	9
102619	9
102620	9
102621	9
102622	9
102623	9
102624	9
102625	9
102626	9
102627	9
102628	9
102629	9
102630	9
102631	9
102632	9
102633	9
102634	9
102635	9
102636	9
102637	9
102638	9
102639	9
102641	9
102642	9
102643	9
102644	9
102645	9
102646	9
102647	9
102649	9
102650	9
102651	9
102652	9
102653	9
102654	9
102655	9
102656	9
102657	9
102658	9
102659	9
102660	9
102661	9
102662	9
102663	9
102664	9
102665	9
102666	9
102667	9
102668	9
102669	9
102670	9
102671	9
102672	9
102673	9
102674	9
102675	9
102676	9
102677	9
102678	9
102679	9
102680	9
102681	9
102682	9
102683	9
102684	9
102685	9
102686	9
102687	9
102688	9
102689	9
102690	9
102691	9
102692	9
102693	9
102694	9
102695	9
102696	9
102697	9
102698	9
102699	9
102700	9
102701	9
102702	9
102703	9
102704	9
102705	9
102706	9
102707	9
102708	9
102709	9
102710	9
102711	9
102712	9
102713	9
102714	9
102715	9
102716	9
102717	9
102718	9
102719	9
102720	9
102721	9
102722	9
102723	9
102724	9
102725	9
102726	9
102727	9
102728	9
102729	9
102730	9
102731	9
102732	9
102733	9
102734	9
102735	9
102736	9
102737	9
102738	9
102739	9
102740	9
102741	9
102742	9
102743	9
102744	9
102745	9
102746	9
102747	9
102748	9
102749	9
102751	9
102752	9
102753	9
102754	9
102755	9
102757	9
102758	9
102759	9
102760	9
102761	9
102762	9
102763	9
102764	9
102765	9
102766	9
102767	9
102768	9
102769	9
102770	9
102771	9
102772	9
102773	9
102774	9
102775	9
102776	9
102777	9
102778	9
102779	9
102780	9
102781	9
102782	9
102783	9
102784	9
102785	9
102786	9
102787	9
102788	9
102789	9
102790	9
102791	9
102792	9
102793	9
102794	9
102795	9
102796	9
102797	9
102798	9
102799	9
102800	9
102801	9
102802	9
102803	9
102804	9
102805	9
102806	9
102807	9
102808	9
102809	9
102810	9
102811	9
102812	9
102813	9
102814	9
102815	9
102816	9
102817	9
102818	9
102819	9
102820	9
102821	9
102822	9
102823	9
102824	9
102825	9
102826	9
102827	9
102828	9
102829	9
102830	9
102831	9
102832	9
102833	9
102834	9
102835	9
102836	9
102837	9
102838	9
102839	9
102840	9
102841	9
102842	9
102843	9
102844	9
102845	9
102846	9
102847	9
102848	9
102849	9
102850	9
102851	9
102852	9
102853	9
102854	9
102855	9
102856	9
102857	9
102858	9
102859	9
102861	9
102862	9
102863	9
102864	9
102865	9
102866	9
102867	9
102868	9
102869	9
102870	9
102871	9
102872	9
102873	9
102874	9
102875	9
102876	9
102877	9
102878	9
102879	9
102880	9
102881	9
102882	9
102883	9
102884	9
102885	9
102886	9
102887	9
102888	9
102889	9
102890	9
102891	9
102892	9
102893	9
102894	9
102895	9
102896	9
102897	9
102898	9
102899	9
102900	9
102901	9
102902	9
102903	9
102905	9
102906	9
102907	9
102908	9
102909	9
102910	9
102911	9
102912	9
102913	9
102914	9
102915	9
102916	9
102917	9
102918	9
102919	9
102920	9
102921	9
102922	9
102923	9
102924	9
102925	9
102926	9
102927	9
102928	9
102929	9
102930	9
102931	9
102932	9
102933	9
102934	9
102935	9
102936	9
102937	9
102938	9
102939	9
102940	9
102941	9
102942	9
102943	9
102944	9
102945	9
102946	9
102947	9
102948	9
102949	9
102950	9
102951	9
102952	9
102953	9
102954	9
102955	9
102956	9
102957	9
102958	9
102959	9
102960	9
102961	9
102962	9
102963	9
102964	9
102965	9
102966	9
102967	9
102968	9
102970	9
102971	9
102972	9
102973	9
102974	9
102975	9
102976	9
102977	9
102978	9
102979	9
102980	9
102981	9
102982	9
102983	9
102984	9
102985	9
102986	9
102987	9
102988	9
102989	9
102991	9
102992	9
102993	9
102994	9
102995	9
102996	9
102997	9
102998	9
102999	9
103000	9
103001	9
103002	9
103003	9
103004	9
103005	9
103006	9
103007	9
103008	9
103009	9
103010	9
103011	9
103012	9
103013	9
103014	9
103015	9
103016	9
103017	9
103018	9
103019	9
103020	9
103021	9
103022	9
103023	9
103024	9
103025	9
103026	9
103027	9
103028	9
103029	9
103030	9
103031	9
103032	9
103033	9
103034	9
103035	9
103036	9
103037	9
103038	9
103039	9
103040	9
103041	9
103042	9
103043	9
103044	9
103045	9
103046	9
103047	9
103048	9
103049	9
103050	9
103051	9
103052	9
103053	9
103054	9
103055	9
103056	9
103057	9
103058	9
103059	9
103060	9
103061	9
103062	9
103063	9
103064	9
103065	9
103066	9
103067	9
103068	9
103069	9
103070	9
103071	9
103072	9
103073	9
103074	9
103075	9
103076	9
103077	9
103078	9
103079	9
103080	9
103081	9
103082	9
103083	9
103084	9
103085	9
103086	9
103087	9
103088	9
103089	9
103090	9
103091	9
103092	9
103093	9
103094	9
103095	9
103096	9
103097	9
103098	9
103099	9
103100	9
103101	9
103102	9
103103	9
103104	9
103105	9
103106	9
103107	9
103108	9
103109	9
103110	9
103111	9
103112	9
103113	9
103114	9
103115	9
103116	9
103117	9
103118	9
103119	9
103120	9
103121	9
103122	9
103124	9
103125	9
103126	9
103127	9
103128	9
103129	9
103130	9
103131	9
103132	9
103133	9
103134	9
103136	9
103137	9
103138	9
103139	9
103140	9
103141	9
103142	9
103143	9
103144	9
103145	9
103146	9
103147	9
103148	9
103149	9
103151	9
103152	9
103153	9
103154	9
103155	9
103156	9
103157	9
103158	9
103159	9
103160	9
103161	9
103162	9
103163	9
103164	9
103165	9
103166	9
103167	9
103168	9
103169	9
103170	9
103171	9
103172	9
103173	9
103174	9
103175	9
103176	9
103177	9
103178	9
103179	9
103180	9
103181	9
103182	9
103183	9
103184	9
103185	9
103186	9
103187	9
103188	9
103189	9
103190	9
103191	9
103192	9
103193	9
103194	9
103195	9
103196	9
103197	9
103198	9
103199	9
103200	9
103201	9
103202	9
103204	9
103205	9
103206	9
103207	9
103208	9
103209	9
103210	9
103211	9
103212	9
103213	9
103214	9
103215	9
103216	9
103217	9
103218	9
103219	9
103220	9
103221	9
103222	9
103223	9
103224	9
103225	9
103226	9
103227	9
103228	9
103229	9
103230	9
103231	9
103232	9
103233	9
103234	9
103235	9
103236	9
103237	9
103238	9
103239	9
103240	9
103241	9
103242	9
103243	9
103244	9
103245	9
103246	9
103247	9
103248	9
103249	9
103250	9
103251	9
103252	9
103253	9
103254	9
103255	9
103256	9
103257	9
103259	9
103260	9
103261	9
103262	9
103263	9
103264	9
103265	9
103266	9
103267	9
103268	9
103269	9
103270	9
103271	9
103272	9
103273	9
103274	9
103275	9
103276	9
103277	9
103278	9
103279	9
103280	9
103281	9
103282	9
103283	9
103284	9
103285	9
103286	9
103287	9
103288	9
103289	9
103290	9
103291	9
103292	9
103293	9
103294	9
103295	9
103296	9
103297	9
103298	9
103299	9
103300	9
103301	9
103302	9
103303	9
103304	9
103305	9
103306	9
103307	9
103308	9
103310	9
103311	9
103312	9
103313	9
103314	9
103315	9
103316	9
103317	9
103318	9
103319	9
103320	9
103321	9
103322	9
103323	9
103324	9
103325	9
103326	9
103327	9
103328	9
103329	9
103330	9
103331	9
103332	9
103333	9
103334	9
103335	9
103336	9
103337	9
103338	9
103339	9
103340	9
103341	9
103342	9
103343	9
103344	9
103345	9
103346	9
103347	9
103348	9
103349	9
103350	9
103351	9
103352	9
103353	9
103354	9
103355	9
103356	9
103357	9
103358	9
103359	9
103360	9
103361	9
103362	9
103363	9
103364	9
103365	9
103366	9
103367	9
103368	9
103369	9
103370	9
103371	9
103372	9
103373	9
103374	9
103375	9
103376	9
103377	9
103378	9
103379	9
103380	9
103381	9
103382	9
103383	9
103384	9
103385	9
103386	9
103387	9
103388	9
103389	9
103390	9
103391	9
103392	9
103393	9
103394	9
103395	9
103396	9
103397	9
103398	9
103399	9
103400	9
103401	9
103402	9
103403	9
103404	9
103405	9
103406	9
103407	9
103408	9
103409	9
103410	9
103411	9
103412	9
103413	9
103414	9
103415	9
103416	9
103417	9
103418	9
103419	9
103420	9
103421	9
103422	9
103423	9
103424	9
103425	9
103426	9
103427	9
103428	9
103429	9
103430	9
103431	9
103432	9
103433	9
103434	9
103435	9
103436	9
103437	9
103438	9
103439	9
103440	9
103441	9
103442	9
103443	9
103444	9
103445	9
103446	9
103447	9
103448	9
103449	9
103450	9
103451	9
103452	9
103453	9
103454	9
103455	9
103456	9
103457	9
103458	9
103459	9
103460	9
103462	9
103463	9
103464	9
103465	9
103466	9
103467	9
103468	9
103469	9
103470	9
103471	9
103472	9
103473	9
103474	9
103475	9
103476	9
103477	9
103478	9
103479	9
103480	9
103481	9
103482	9
103483	9
103484	9
103485	9
103487	9
103488	9
103489	9
103490	9
103491	9
103492	9
103493	9
103494	9
103495	9
103496	9
103497	9
103498	9
103499	9
103500	9
103501	9
103502	9
103503	9
103504	9
103505	9
103506	9
103507	9
103508	9
103509	9
103510	9
103511	9
103512	9
103513	9
103514	9
103515	9
103516	9
103517	9
103518	9
103519	9
103520	9
103521	9
103522	9
103523	9
103524	9
103525	9
103526	9
103527	9
103528	9
103529	9
103530	9
103531	9
103532	9
103533	9
103534	9
103535	9
103536	9
103537	9
103538	9
103539	9
103540	9
103541	9
103542	9
103543	9
103544	9
103545	9
103546	9
103547	9
103548	9
103549	9
103550	9
103551	9
103552	9
103553	9
103554	9
103555	9
103556	9
103557	9
103558	9
103559	9
103560	9
103561	9
103562	9
103563	9
103564	9
103565	9
103566	9
103567	9
103568	9
103569	9
103570	9
103571	9
103572	9
103573	9
103574	9
103575	9
103576	9
103577	9
103578	9
103579	9
103580	9
103581	9
103582	9
103583	9
103584	9
103585	9
103586	9
103588	9
103589	9
103590	9
103591	9
103592	9
103593	9
103594	9
103595	9
103596	9
103597	9
103598	9
103599	9
103600	9
103601	9
103602	9
103603	9
103604	9
103605	9
103606	9
103607	9
103608	9
103609	9
103610	9
103611	9
103612	9
103613	9
103614	9
103615	9
103616	9
103617	9
103618	9
103619	9
103620	9
103621	9
103622	9
103623	9
103624	9
103625	9
103626	9
103627	9
103628	9
103629	9
103630	9
103631	9
103634	9
103635	9
103636	9
103637	9
103638	9
103639	9
103640	9
103641	9
103642	9
103643	9
103644	9
103645	9
103646	9
103647	9
103648	9
103649	9
103650	9
103651	9
103652	9
103653	9
103654	9
103655	9
103656	9
103657	9
103658	9
103659	9
103660	9
103661	9
103662	9
103663	9
103664	9
103665	9
103666	9
103667	9
103668	9
103669	9
103670	9
103671	9
103672	9
103673	9
103674	9
103675	9
103676	9
103677	9
103678	9
103679	9
103680	9
103681	9
103682	9
103683	9
103684	9
103685	9
103686	9
103687	9
103688	9
103689	9
103690	9
103691	9
103692	9
103693	9
103694	9
103695	9
103696	9
103697	9
103698	9
103699	9
103701	9
103702	9
103703	9
103704	9
103705	9
103706	9
103707	9
103708	9
103711	9
103712	9
103713	9
103714	9
103715	9
103716	9
103717	9
103718	9
103719	9
103720	9
103721	9
103722	9
103723	9
103724	9
103725	9
103726	9
103727	9
103728	9
103729	9
103730	9
103731	9
103732	9
103733	9
103734	9
103735	9
103736	9
103737	9
103738	9
103739	9
103740	9
103741	9
103742	9
103743	9
103744	9
103745	9
103746	9
103747	9
103748	9
103749	9
103750	9
103751	9
103752	9
103753	9
103755	9
103756	9
103757	9
103758	9
103759	9
103760	9
103761	9
103762	9
103763	9
103764	9
103765	9
103766	9
103767	9
103768	9
103769	9
103770	9
103771	9
103772	9
103773	9
103774	9
103775	9
103776	9
103777	9
103778	9
103779	9
103780	9
103781	9
103782	9
103783	9
103784	9
103785	9
103786	9
103787	9
103788	9
103789	9
103790	9
103791	9
103792	9
103793	9
103794	9
103795	9
103796	9
103797	9
103798	9
103799	9
103800	9
103801	9
103802	9
103803	9
103804	9
103805	9
103806	9
103807	9
103808	9
103809	9
103810	9
103811	9
103812	9
103813	9
103814	9
103815	9
103816	9
103817	9
103818	9
103819	9
103820	9
103821	9
103822	9
103823	9
103824	9
103825	9
103827	9
103828	9
103829	9
103830	9
103831	9
103832	9
103833	9
103834	9
103836	9
103837	9
103838	9
103839	9
103840	9
103841	9
103842	9
103843	9
103844	9
103845	9
103846	9
103847	9
103848	9
103849	9
103850	9
103851	9
103852	9
103853	9
103854	9
103855	9
103856	9
103857	9
103858	9
103859	9
103860	9
103861	9
103863	9
103864	9
103865	9
103866	9
103868	9
103869	9
103870	9
103871	9
103872	9
103873	9
103874	9
103875	9
103876	9
103877	9
103878	9
103879	9
103880	9
103881	9
103882	9
103883	9
103884	9
103885	9
103886	9
103887	9
103888	9
103889	9
103890	9
103891	9
103892	9
103893	9
103894	9
103895	9
103896	9
103897	9
103898	9
103899	9
103900	9
103901	9
103902	9
103903	9
103904	9
103905	9
103906	9
103907	9
103908	9
103909	9
103910	9
103911	9
103912	9
103913	9
103914	9
103915	9
103916	9
103917	9
103918	9
103919	9
103920	9
103921	9
103923	9
103924	9
103925	9
103926	9
103927	9
103928	9
103929	9
103930	9
103931	9
103932	9
103933	9
103934	9
103935	9
103936	9
103937	9
103938	9
103939	9
103940	9
103941	9
103942	9
103943	9
103944	9
103945	9
103946	9
103947	9
103948	9
103949	9
103950	9
103951	9
103952	9
103953	9
103954	9
103955	9
103956	9
103957	9
103958	9
103959	9
103960	9
103961	9
103962	9
103963	9
103964	9
103965	9
103966	9
103967	9
103968	9
103969	9
103970	9
103971	9
103972	9
103973	9
103974	9
103975	9
103976	9
103977	9
103978	9
103979	9
103980	9
103981	9
103982	9
103983	9
103984	9
103985	9
103986	9
103987	9
103988	9
103989	9
103990	9
103991	9
103992	9
103993	9
103994	9
103995	9
103996	9
103997	9
103998	9
103999	9
104000	9
104001	9
104002	9
104003	9
104004	9
104005	9
104006	9
104007	9
104008	9
104009	9
104010	9
104011	9
104012	9
104013	9
104014	9
104015	9
104016	9
104017	9
104018	9
104019	9
104020	9
104021	9
104022	9
104023	9
104024	9
104025	9
104026	9
104027	9
104028	9
104029	9
104030	9
104031	9
104032	9
104033	9
104034	9
104035	9
104036	9
104037	9
104038	9
104039	9
104040	9
104041	9
104042	9
104043	9
104044	9
104045	9
104046	9
104047	9
104048	9
104049	9
104050	9
104051	9
104052	9
104053	9
104054	9
104055	9
104056	9
104057	9
104058	9
104059	9
104060	9
104061	9
104062	9
104063	9
104064	9
104065	9
104066	9
104067	9
104068	9
104069	9
104070	9
104071	9
104072	9
104073	9
104074	9
104075	9
104076	9
104077	9
104078	9
104079	9
104080	9
104081	9
104082	9
104083	9
104084	9
104085	9
104086	9
104087	9
104088	9
104089	9
104090	9
104092	9
104093	9
104094	9
104095	9
104096	9
104097	9
104098	9
104099	9
104100	9
104101	9
104102	9
104103	9
104104	9
104105	9
104106	9
104108	9
104109	9
104110	9
104111	9
104112	9
104113	9
104114	9
104115	9
104116	9
104117	9
104118	9
104119	9
104120	9
104121	9
104122	9
104123	9
104124	9
104125	9
104126	9
104127	9
104128	9
104129	9
104130	9
104131	9
104132	9
104133	9
104134	9
104135	9
104136	9
104137	9
104138	9
104139	9
104140	9
104141	9
104142	9
104143	9
104145	9
104146	9
104147	9
104148	9
104149	9
104150	9
104151	9
104152	9
104153	9
104154	9
104155	9
104156	9
104157	9
104158	9
104159	9
104160	9
104161	9
104162	9
104163	9
104164	9
104165	9
104166	9
104167	9
104168	9
104169	9
104170	9
104171	9
104172	9
104173	9
104174	9
104175	9
104176	9
104177	9
104178	9
104179	9
104180	9
104181	9
104182	9
104183	9
104184	9
104185	9
104186	9
104187	9
104188	9
104189	9
104190	9
104191	9
104192	9
104193	9
104194	9
104195	9
104196	9
104197	9
104198	9
104199	9
104200	9
104201	9
104202	9
104203	9
104204	9
104205	9
104206	9
104207	9
104208	9
104209	9
104210	9
104211	9
104212	9
104213	9
104214	9
104215	9
104216	9
104217	9
104218	9
104219	9
104220	9
104221	9
104222	9
104223	9
104224	9
104225	9
104226	9
104227	9
104228	9
104229	9
104230	9
104231	9
104232	9
104233	9
104234	9
104235	9
104236	9
104237	9
104238	9
104239	9
104240	9
104241	9
104242	9
104243	9
104244	9
104245	9
104246	9
104247	9
104248	9
104249	9
104250	9
104251	9
104252	9
104253	9
104254	9
104255	9
104256	9
104257	9
104258	9
104259	9
104260	9
104261	9
104262	9
104263	9
104264	9
104266	9
104267	9
104268	9
104269	9
104270	9
104271	9
104272	9
104273	9
104274	9
104275	9
104276	9
104277	9
104278	9
104279	9
104280	9
104281	9
104282	9
104283	9
104284	9
104285	9
104286	9
104287	9
104288	9
104289	9
104290	9
104291	9
104292	9
104293	9
104294	9
104295	9
104296	9
104297	9
104298	9
104299	9
104300	9
104301	9
104302	9
104303	9
104304	9
104305	9
104306	9
104307	9
104308	9
104309	9
104310	9
104311	9
104312	9
104313	9
104314	9
104315	9
104317	9
104318	9
104319	9
104320	9
104321	9
104322	9
104323	9
104324	9
104325	9
104326	9
104327	9
104328	9
104329	9
104330	9
104331	9
104332	9
104333	9
104334	9
104335	9
104336	9
104337	9
104338	9
104339	9
104340	9
104341	9
104342	9
104343	9
104344	9
104345	9
104346	9
104348	9
104349	9
104350	9
104351	9
104352	9
104353	9
104354	9
104355	9
104357	9
104358	9
104359	9
104360	9
104361	9
104362	9
104363	9
104364	9
104365	9
104366	9
104367	9
104368	9
104369	9
104370	9
104371	9
104372	9
104373	9
104374	9
104375	9
104376	9
104377	9
104378	9
104379	9
104380	9
104381	9
104382	9
104383	9
104384	9
104385	9
104386	9
104387	9
104388	9
104389	9
104390	9
104391	9
104392	9
104393	9
104394	9
104395	9
104396	9
104397	9
104398	9
104399	9
104400	9
104401	9
104402	9
104404	9
104405	9
104406	9
104407	9
104408	9
104409	9
104410	9
104411	9
104413	9
104414	9
104415	9
104416	9
104417	9
104418	9
104419	9
104420	9
104421	9
104422	9
104423	9
104424	9
104425	9
104426	9
104427	9
104428	9
104429	9
104430	9
104431	9
104432	9
104433	9
104434	9
104435	9
104436	9
104437	9
104438	9
104439	9
104440	9
104441	9
104442	9
104443	9
104444	9
104445	9
104446	9
104447	9
104448	9
104449	9
104450	9
104451	9
104452	9
104453	9
104454	9
104455	9
104456	9
104457	9
104458	9
104459	9
104460	9
104461	9
104462	9
104463	9
104464	9
104465	9
104466	9
104468	9
104469	9
104470	9
104471	9
104472	9
104473	9
104474	9
104475	9
104476	9
104477	9
104478	9
104479	9
104480	9
104481	9
104482	9
104483	9
104484	9
104485	9
104486	9
104487	9
104488	9
104489	9
104490	9
104491	9
104492	9
104493	9
104494	9
104495	9
104496	9
104497	9
104498	9
104499	9
104500	9
104501	9
104502	9
104503	9
104504	9
104505	9
104506	9
104507	9
104508	9
104509	9
104510	9
104511	9
104512	9
104513	9
104514	9
104515	9
104516	9
104517	9
104518	9
104519	9
104520	9
104521	9
104522	9
104523	9
104524	9
104525	9
104526	9
104527	9
104528	9
104529	9
104530	9
104531	9
104532	9
104533	9
104534	9
104535	9
104536	9
104537	9
104538	9
104539	9
104540	9
104541	9
104542	9
104543	9
104544	9
104545	9
104546	9
104547	9
104548	9
104549	9
104550	9
104551	9
104552	9
104553	9
104554	9
104555	9
104556	9
104557	9
104558	9
104559	9
104560	9
104561	9
104562	9
104563	9
104564	9
104565	9
104566	9
104567	9
104568	9
104569	9
104570	9
104571	9
104572	9
104573	9
104574	9
104575	9
104576	9
104577	9
104578	9
104579	9
104580	9
104581	9
104582	9
104583	9
104584	9
104585	9
104586	9
104587	9
104588	9
104589	9
104590	9
104591	9
104592	9
104593	9
104594	9
104595	9
104596	9
104597	9
104598	9
104599	9
104600	9
104601	9
104602	9
104603	9
104604	9
104605	9
104606	9
104607	9
104608	9
104609	9
104610	9
104611	9
104612	9
104613	9
104614	9
104615	9
104616	9
104617	9
104618	9
104619	9
104620	9
104621	9
104622	9
104623	9
104624	9
104625	9
104626	9
104627	9
104628	9
104629	9
104630	9
104631	9
104632	9
104633	9
104634	9
104635	9
104636	9
104637	9
104638	9
104639	9
104640	9
104641	9
104642	9
104643	9
104644	9
104645	9
104646	9
104647	9
104648	9
104649	9
104650	9
104651	9
104653	9
104654	9
104655	9
104656	9
104657	9
104658	9
104659	9
104660	9
104661	9
104662	9
104663	9
104664	9
104665	9
104666	9
104667	9
104668	9
104669	9
104670	9
104671	9
104672	9
104673	9
104674	9
104675	9
104676	9
104677	9
104678	9
104679	9
104680	9
104681	9
104682	9
104683	9
104684	9
104685	9
104686	9
104687	9
104688	9
104689	9
104690	9
104691	9
104692	9
104693	9
104694	9
104695	9
104696	9
104697	9
104698	9
104699	9
104700	9
104701	9
104702	9
104703	9
104704	9
104705	9
104706	9
104707	9
104708	9
104709	9
104710	9
104711	9
104712	9
104713	9
104714	9
104715	9
104716	9
104717	9
104718	9
104719	9
104720	9
104721	9
104722	9
104723	9
104724	9
104725	9
104726	9
104727	9
104728	9
104729	9
104730	9
104731	9
104732	9
104733	9
104734	9
104735	9
104736	9
104737	9
104738	9
104739	9
104740	9
104741	9
104742	9
104743	9
104744	9
104745	9
104746	9
104747	9
104748	9
104749	9
104751	9
104752	9
104753	9
104763	9
104765	9
104768	9
104774	9
104783	9
104790	9
104807	9
104808	9
104815	9
104824	9
104831	9
104833	9
104835	9
104859	9
104861	9
104867	9
104871	9
104893	9
104894	9
104895	9
104896	9
104897	9
104898	9
104899	9
104900	9
104901	9
104902	9
104903	9
104904	9
104905	9
104906	9
104907	9
104908	9
104909	9
104910	9
104911	9
104912	9
104913	9
104914	9
104915	9
104916	9
104918	9
104919	9
104920	9
104921	9
104922	9
104923	9
104924	9
104925	9
104926	9
104927	9
104928	9
104929	9
104930	9
104931	9
104932	9
104933	9
104935	9
104936	9
104937	9
104938	9
104939	9
104940	9
104941	9
104942	9
104943	9
104944	9
104945	9
104946	9
104947	9
104948	9
104949	9
104950	9
104951	9
104952	9
104953	9
104954	9
104955	9
104956	9
104957	9
104958	9
104959	9
104960	9
104961	9
104962	9
104963	9
104964	9
104965	9
104966	9
104967	9
104968	9
104969	9
104970	9
104971	9
104972	9
104973	9
104974	9
104975	9
104976	9
104977	9
104978	9
104979	9
104980	9
104981	9
104982	9
104983	9
104984	9
104985	9
104986	9
104987	9
104988	9
104989	9
104990	9
104991	9
104992	9
104993	9
104994	9
104995	9
104996	9
104997	9
104998	9
104999	9
105000	9
105001	9
105002	9
105003	9
105004	9
105005	9
105006	9
105007	9
105008	9
105009	9
105010	9
105011	9
105012	9
105013	9
105015	9
105016	9
105017	9
105018	9
105020	9
105021	9
105022	9
105023	9
105024	9
105025	9
105026	9
105027	9
105028	9
105029	9
105030	9
105031	9
105032	9
105033	9
105034	9
105035	9
105036	9
105037	9
105038	9
105039	9
105040	9
105041	9
105042	9
105043	9
105044	9
105045	9
105046	9
105047	9
105048	9
105049	9
105050	9
105051	9
105052	9
105053	9
105054	9
105055	9
105057	9
105058	9
105059	9
105060	9
105061	9
105062	9
105063	9
105064	9
105065	9
105066	9
105067	9
105068	9
105069	9
105070	9
105071	9
105072	9
105074	9
105075	9
105076	9
105077	9
105078	9
105079	9
105080	9
105081	9
105082	9
105083	9
105084	9
105085	9
105086	9
105087	9
105088	9
105089	9
105090	9
105091	9
105092	9
105093	9
105094	9
105095	9
105096	9
105097	9
105098	9
105099	9
105100	9
105101	9
105102	9
105103	9
105104	9
105105	9
105106	9
105107	9
105108	9
105109	9
105110	9
105111	9
105112	9
105113	9
105114	9
105115	9
105116	9
105117	9
105118	9
105119	9
105120	9
105121	9
105122	9
105123	9
105124	9
105125	9
105126	9
105127	9
105128	9
105129	9
105130	9
105131	9
105132	9
105133	9
105134	9
105135	9
105136	9
105137	9
105138	9
105139	9
105140	9
105141	9
105142	9
105143	9
105144	9
105145	9
105146	9
105147	9
105148	9
105149	9
105150	9
105151	9
105152	9
105154	9
105155	9
105156	9
105157	9
105159	9
105160	9
105161	9
105162	9
105163	9
105164	9
105165	9
105166	9
105167	9
105168	9
105169	9
105170	9
105172	9
105173	9
105174	9
105175	9
105176	9
105177	9
105178	9
105181	9
105182	9
105184	9
105185	9
105186	9
105187	9
105188	9
105189	9
105190	9
105192	9
105193	9
105194	9
105195	9
105196	9
105197	9
105198	9
105199	9
105200	9
105201	9
100555	9
100657	9
100861	9
100406	9
100914	9
101028	9
101548	9
101637	9
101647	9
101690	9
101841	9
101858	9
101427	9
101923	9
101934	9
101999	9
102072	9
100199	9
100281	9
100590	9
100850	9
101379	9
102232	9
102300	9
102311	9
101378	9
102342	9
101477	9
102070	9
102129	9
100631	9
101572	9
102487	9
102509	9
102544	9
102640	9
102648	9
102860	9
102969	9
102990	9
103123	9
103150	9
103203	9
103258	9
103309	9
103587	9
103633	9
101684	9
101954	9
101987	9
102099	9
102187	9
102191	9
103632	9
103710	9
100808	9
101692	9
101808	9
101836	9
101985	9
102001	9
102112	9
102146	9
