100016	9
100017	2	9
100025	1	9
100033	8
100047	3
100078	1	9
100082	1	9
100116	1
100145	1
100206	1	9
100222	1	9
100240	1
100260	1	9
100267	8
100284	0	9
100304	2	9
100307	2
100316	8
100344	1	9
100345	2	9
100351	1	9
100363	8	9
100383	0
100539	2
100575	0	9
100593	1	9
100599	1	9
100661	2	9
100733	0	9
100735	8	9
100743	0	9
100751	0	9
100850	1	9
100862	1	9
100924	0	9
100935	2
100939	0
100994	1	9
101060	0	9
101065	1
101067	1	9
101073	0	9
101104	1
101105	0	9
101106	1	9
101118	0
101119	2
101120	8	9
101121	0
101122	0
101159	0	9
101161	1	9
101162	0	9
101163	3
101164	0	9
101165	0
101166	1
101167	1	9
101168	15
101169	1
101171	0
101172	2
101173	1
101174	1
101175	0
101176	0
101181	0
101182	0
101183	0
101184	0
101185	1
101186	1	9
101187	0
101188	0
101189	0
101208	0
101209	0
101210	2
101211	1
101212	2
101213	2
101214	0
101216	0
101217	0
101218	0
101219	0
101220	0
101221	0
101222	0
101223	1
101224	0
101225	0
101226	3
101227	0	9
101228	2
101229	3
101230	0
101231	1
101232	0
101233	13
101234	1
101235	0
101236	0
101237	2
101238	2
101239	2
101240	2
101241	0
101242	0
101243	0
101244	1
101245	0
101246	1
101247	0
101248	0
101249	2
101250	0
101251	0
101252	0
101253	1
101254	0
101255	0
101256	1
101257	2
101258	3
101259	0
101260	2
101261	0
101262	1
101263	0
101264	1
101265	0
101266	1
101267	2
101268	1
101269	1
101270	1
101271	1
101272	0
101273	1
101274	0
101275	2
101276	1
101277	0
101278	0
101279	3
101280	1
101281	0
101282	0
101283	0
101284	8
101285	0
101286	1
101287	2
101288	0
101289	1
101290	1
101291	0
101292	1
101293	0
101294	0	9
101295	0
101296	0
101297	13
101298	0
101299	6
101300	0
101301	3
101302	0
101303	0
101304	0
101305	1
101306	2
101307	0
101308	0
101309	8
101310	0
101311	0
101312	0
101314	2
101315	1
101316	1
101317	0
101318	2
101319	0
101320	2
