94 0 1444674500759
114 0 1444674507758
94 0 1444674511181
114 0 1444674516984
20 1 1444674520855
405 1 1444674523512
303 1 1444674526070
20 1 1444674527964
405 1 1444674530106
94 1 1444674532775
114 1 1444674534687
303 1 1444674537174
114 1 1444674539497
94 1 1444674542391
265 1 1444674676901
220 0 1444674680345
220 1 1444674688783
220 1 1444674692036
75 1 1444674694848
312 1 1444674696747
75 1 1444674699380
177 1 1444674702258
265 1 1444674704198
177 1 1444674708073
312 1 1444674710824
442 0 1444675682758
419 0 1444675687311
107 0 1444675690749
475 0 1444675694539
421 0 1444675701117
436 0 1444675704859
475 0 1444675713632
459 0 1444675721386
442 1 1444675743073
244 0 1444675744419
459 0 1444675748556
284 0 1444675752036
419 1 1444675757926
81 0 1444675759376
453 0 1444675762669
41 0 1444675766391
373 1 1444675771580
300 1 1444675775353
81 1 1444675777327
451 0 1444675778407
459 0 1444675783729
220 0 1444675798075
451 0 1444675802886
459 1 1444675809551
8 1 1444675813921
122 0 1444675814851
107 1 1444675820883
453 0 1444675822746
300 1 1444675828270
81 1 1444675830002
220 1 1444675834698
419 0 1444675837072
107 1 1444675842515
373 1 1444675844692
220 1 1444675847763
421 0 1444675853784
98 0 1444675859328
8 1 1444675875656
421 1 1444675878289
421 1 1444675880901
41 1 1444675884781
419 1 1444675889019
451 0 1444675890316
451 1 1444675896255
122 1 1444675900886
453 0 1444675901988
98 1 1444675907570
475 0 1444675910910
451 1 1444675919845
475 1 1444675925569
436 1 1444675929270
98 1 1444675932572
216 0 1444675933846
41 1 1444675942437
442 0 1444675946004
284 0 1444675951359
436 1 1444675956205
419 1 1444675959102
442 1 1444675961679
216 0 1444675964560
459 0 1444675971072
459 0 1444675976131
284 1 1444675981238
459 1 1444675984340
216 1 1444675990464
284 1 1444675992454
459 1 1444675994918
216 1 1444676001683
475 1 1444676009442
244 0 1444676011503
442 1 1444676016309
122 1 1444676022625
453 0 1444676024112
244 1 1444676029691
244 1 1444676031867
453 1 1444676033887
453 1 1444676035788
260 0 1444687840645
464 0 1444687886217
354 0 1444687892243
68 1 1444687900949
241 0 1444687901943
256 0 1444687906439
354 0 1444687909867
241 0 1444687913468
68 1 1444687921186
174 1 1444687923951
149 0 1444687925054
333 0 1444687931908
464 1 1444687937048
464 1 1444687939822
497 0 1444687940759
256 0 1444687948078
333 1 1444687955328
256 1 1444687957584
256 1 1444687959675
384 0 1444687961740
450 0 1444687966665
260 0 1444687976205
241 0 1444687989693
384 1 1444687996366
422 0 1444687997549
3 0 1444688005863
354 1 1444688010153
174 1 1444688012563
384 1 1444688016978
103 1 1444688020222
354 1 1444688022782
450 0 1444688025423
394 0 1444688028181
450 1 1444688034281
260 0 1444688038913
333 1 1444688046961
103 1 1444688049561
260 1 1444688054042
358 1 1444688056520
412 0 1444688057696
275 1 1444688064350
260 1 1444688068537
412 0 1444688071955
444 0 1444688077638
450 0 1444688084952
358 1 1444688089511
3 0 1444688090788
412 1 1444688096760
422 1 1444688106751
275 1 1444688109447
450 1 1444688111849
394 1 1444688119698
444 0 1444688126324
497 0 1444688149147
412 1 1444688157673
450 1 1444688159927
149 0 1444688162602
444 0 1444688170799
3 1 1444688177432
444 1 1444688183746
497 1 1444688190070
149 1 1444688193723
3 1 1444688195842
241 0 1444688197121
444 1 1444688204186
149 1 1444688207231
422 1 1444688213035
497 1 1444688218768
241 1 1444688223233
241 1 1444688225373
394 1 1444688228974
396 0 1444688671761
136 0 1444688677653
249 0 1444688683304
443 0 1444688689981
191 1 1444688696013
396 0 1444688698260
136 1 1444688706225
275 1 1444688708752
60 1 1444688710637
39 1 1444688715578
148 0 1444688721810
393 1 1444688729258
83 0 1444688730392
393 1 1444688737967
249 1 1444688741699
476 0 1444688743965
39 1 1444688750071
444 1 1444688754194
275 1 1444688757313
249 1 1444688760023
29 0 1444688761709
29 1 1444688768262
396 1 1444688772298
136 0 1444688778142
396 1 1444688786150
136 1 1444688792753
253 1 1444688795794
60 1 1444688797700
253 1 1444688800282
29 1 1444688803213
37 0 1444688804327
443 1 1444688810169
191 1 1444688824344
37 1 1444688827739
444 0 1444688831689
410 1 1444688839696
443 1 1444688842136
37 1 1444688846202
83 0 1444688847714
136 0 1444688852885
214 0 1444688860176
83 1 1444688864737
410 1 1444688867906
136 1 1444688874074
136 1 1444688880362
476 1 1444688887543
444 1 1444688892523
214 1 1444688895106
476 1 1444688900602
214 1 1444688902629
295 0 1444688903925
239 0 1444688910240
444 1 1444688918366
148 1 1444688922499
148 1 1444688925154
83 1 1444688928638
295 1 1444688932465
295 1 1444688937349
239 1 1444688944464
239 1 1444688948511
382 0 1444689122339
160 1 1444689127833
16 0 1444689128974
89 1 1444689133478
253 1 1444689135903
250 0 1444689140020
353 1 1444689147895
249 1 1444689150964
249 1 1444689153982
382 1 1444689156803
190 1 1444689159353
382 1 1444689161931
137 1 1444689164763
418 0 1444689166091
401 0 1444689171435
190 1 1444689179777
464 1 1444689184238
458 1 1444689187358
401 1 1444689190156
464 1 1444689192783
216 0 1444689196666
404 1 1444689203571
418 0 1444689205622
401 1 1444689210682
137 1 1444689213590
126 0 1444689214919
429 0 1444689220896
458 1 1444689226984
397 0 1444689228235
253 1 1444689235760
126 1 1444689239550
404 1 1444689242520
89 0 1444689247239
371 0 1444689252467
371 1 1444689278676
126 1 1444689282474
418 1 1444689285986
418 1 1444689289787
397 1 1444689293933
250 1 1444689298755
89 1 1444689301782
429 1 1444689306060
216 1 1444689312107
160 1 1444689314670
371 1 1444689322319
397 1 1444689325745
353 1 1444689332339
429 1 1444689335792
216 1 1444689342565
250 1 1444689345941
89 0 1444689348826
89 1 1444689353712
16 1 1444689359344
16 1 1444689362202
89 1 1444689364525
87 1 1444689507313
336 0 1444689509144
87 1 1444689515218
41 1 1444689519304
59 1 1444689523206
372 1 1444689526989
83 1 1444689529971
371 0 1444689535117
194 1 1444689543849
306 0 1444689545365
41 1 1444689551462
21 1 1444689554279
468 1 1444689558820
194 1 1444689562344
21 1 1444689565110
86 0 1444689816987
306 1 1444689823749
245 0 1444689827264
336 1 1444689834482
86 1 1444689837187
329 0 1444689838830
517 0 1444689842596
190 0 1444689848359
7 0 1444689854385
315 0 1444689860614
83 1 1444689869471
371 0 1444689875832
245 1 1444689883699
451 0 1444689884903
306 1 1444689900229
59 1 1444689903489
190 0 1444689908369
245 1 1444689913410
517 1 1444689919977
351 0 1444689921503
86 1 1444689928170
451 0 1444689932017
315 0 1444689941256
329 1 1444689954840
315 1 1444689962632
329 1 1444689965163
315 1 1444689969683
468 0 1444689976264
336 1 1444689983972
372 0 1444689987787
7 1 1444689996931
468 1 1444690000467
468 1 1444690002753
7 1 1444690006322
190 1 1444690010623
517 1 1444690017397
451 1 1444690023862
351 1 1444690030614
372 0 1444690033465
451 1 1444690039577
371 1 1444690046962
190 1 1444690049612
351 1 1444690053074
372 0 1444690055546
371 1 1444690064656
372 0 1444690067129
372 1 1444690080365
372 1 1444690084001
470 0 1444690231309
265 0 1444690235326
200 1 1444690240216
362 0 1444690244608
179 0 1444690265759
168 1 1444690275650
247 1 1444690279436
362 1 1444690284107
281 1 1444690286751
382 1 1444690296254
320 0 1444690297881
362 1 1444690306563
200 1 1444690310931
468 1 1444690317560
12 1 1444690319369
12 1 1444690321108
132 1 1444690324987
164 0 1444690340500
320 1 1444690349046
320 1 1444690350665
468 1 1444690354776
247 0 1444690358476
164 1 1444690367826
265 1 1444690369679
470 0 1444690374304
281 1 1444690379970
164 1 1444690384562
132 1 1444690387146
342 1 1444690391422
429 0 1444690394153
429 1 1444690400763
168 1 1444690404210
247 1 1444690407545
429 1 1444690410480
265 1 1444690412212
247 1 1444690415852
326 1 1444690417941
470 1 1444690421842
211 0 1444690423805
179 1 1444690431723
179 1 1444690436390
342 1 1444690439270
382 1 1444690442924
211 1 1444690445100
486 0 1444690446543
11 0 1444690450110
211 1 1444690457717
11 1 1444690460558
11 1 1444690462592
470 1 1444690466834
326 1 1444690468724
486 0 1444690478897
486 1 1444690482008
486 1 1444690484646
453 0 1444692746034
510 1 1444692751536
235 1 1444692753505
129 0 1444692774016
129 1 1444692779341
174 0 1444692782997
93 0 1444692785770
212 0 1444692788188
18 1 1444692792582
114 0 1444692793559
93 0 1444692796433
414 1 1444692802301
18 1 1444692805502
289 1 1444692809271
270 0 1444692813097
270 1 1444692822446
506 0 1444692823952
274 0 1444692827628
98 0 1444692831111
93 1 1444692835891
289 1 1444692838324
156 0 1444692840531
254 0 1444692846037
510 1 1444692857620
270 1 1444692861196
351 1 1444692865204
150 1 1444692867256
351 1 1444692870415
235 1 1444692872274
414 1 1444692878165
129 0 1444692880076
114 0 1444692885036
114 1 1444692888170
174 1 1444692890331
98 1 1444692894075
129 1 1444692898070
174 1 1444692900342
129 1 1444692904164
254 1 1444692912001
212 1 1444692917711
274 1 1444692920864
500 1 1444692923781
98 1 1444692929433
274 1 1444692932009
453 0 1444692933975
114 0 1444692938220
453 0 1444692943145
453 1 1444692949861
114 1 1444692952296
114 1 1444692954245
93 0 1444692956411
500 1 1444692964165
156 1 1444692967673
506 0 1444692970160
150 1 1444692975164
93 1 1444692977196
453 0 1444692982109
212 1 1444692986812
453 0 1444692991759
453 1 1444692997301
506 0 1444693000415
453 1 1444693007122
93 1 1444693009453
156 1 1444693014661
254 1 1444693021132
506 1 1444693025002
506 1 1444693027504
111 0 1444693186204
399 0 1444693190042
110 1 1444693194689
111 1 1444693197056
322 0 1444693199247
210 0 1444693203403
210 1 1444693210260
322 1 1444693215650
356 1 1444693219026
1 0 1444693221860
216 0 1444693227573
342 0 1444693233364
342 1 1444693239317
34 0 1444693241184
214 1 1444693245960
399 1 1444693248340
284 0 1444693249420
399 1 1444693253025
111 1 1444693255639
322 1 1444693259691
356 1 1444693261905
256 1 1444693264773
153 1 1444693268303
216 1 1444693273708
256 1 1444693275798
342 1 1444693283603
447 0 1444693287003
210 1 1444693299193
1 1 1444693306103
110 1 1444693308485
214 1 1444693313960
447 0 1444693319305
447 1 1444693326469
153 1 1444693331524
106 0 1444693333690
1 1 1444693339793
216 1 1444693344087
445 1 1444693346443
373 1 1444693348595
34 0 1444693350032
447 0 1444693357839
445 1 1444693364219
284 0 1444693367044
447 0 1444693376968
447 1 1444693385022
106 1 1444693390798
34 1 1444693393949
34 1 1444693396807
373 1 1444693399086
61 0 1444693401593
244 0 1444693408379
447 0 1444693415300
447 1 1444693421589
447 1 1444693424853
61 0 1444693427787
61 1 1444693434980
284 1 1444693437754
61 1 1444693443722
284 1 1444693446048
106 1 1444693451567
244 1 1444693454357
244 1 1444693456600
276 0 1444693530030
192 1 1444693538236
257 0 1444693557690
375 0 1444693561440
201 1 1444693565257
8 0 1444693567380
257 1 1444693573008
392 1 1444693576394
345 1 1444693578955
394 0 1444693582732
375 0 1444693590438
201 1 1444693594986
415 0 1444693597653
257 1 1444693604096
231 0 1444693605631
394 0 1444693614423
392 1 1444693629410
470 0 1444693631970
230 1 1444693638606
420 0 1444693646192
330 0 1444693653798
420 1 1444693663249
231 1 1444693666422
230 1 1444693669785
311 0 1444693672589
420 1 1444693682818
375 1 1444693686725
345 1 1444693689510
375 1 1444693691879
455 0 1444693696564
330 1 1444693701501
394 0 1444693706751
394 1 1444693712161
30 1 1444693714473
330 1 1444693718386
415 1 1444693724792
470 0 1444693729362
311 1 1444693735831
412 0 1444693737212
470 1 1444693744511
192 0 1444693748955
8 1 1444693756311
231 1 1444693762779
335 0 1444693765740
8 1 1444693774631
455 1 1444693777270
192 1 1444693782737
455 1 1444693785052
311 1 1444693788946
30 1 1444693791123
276 0 1444693794114
394 1 1444693800634
192 1 1444693804903
335 1 1444693807241
470 1 1444693810816
335 1 1444693813679
412 0 1444693817232
415 1 1444693827825
276 1 1444693831456
276 1 1444693834799
412 0 1444693838571
412 1 1444693845647
412 1 1444693848983
184 0 1444701154790
447 0 1444701160046
200 1 1444701166002
460 1 1444701168749
45 0 1444701170917
274 1 1444701176085
45 1 1444701187552
171 1 1444701190988
472 0 1444701194247
79 0 1444701202599
61 0 1444701207984
472 1 1444701214932
364 0 1444701218027
25 1 1444701222169
462 0 1444701224906
447 0 1444701230421
469 0 1444701237020
171 1 1444701251009
61 1 1444701254920
316 0 1444701257297
469 0 1444701268715
469 1 1444701281814
79 1 1444701286597
447 0 1444701292563
42 1 1444701299246
61 1 1444701302592
460 1 1444701304689
42 1 1444701307786
462 1 1444701311631
45 0 1444701314610
45 1 1444701318349
316 1 1444701324034
447 0 1444701331816
25 1 1444701341825
45 1 1444701343633
79 1 1444701346660
210 1 1444701351586
364 1 1444701353531
364 1 1444701355474
322 1 1444701359925
462 0 1444701363652
447 0 1444701372791
274 0 1444701379580
462 1 1444701384733
472 1 1444701388028
200 1 1444701391799
408 0 1444701393993
469 0 1444701401031
316 1 1444701414507
447 0 1444701421812
184 0 1444701430649
462 1 1444701437167
469 0 1444701442081
408 1 1444701453530
321 0 1444701459198
322 1 1444701464479
184 1 1444701467428
321 1 1444701472873
469 1 1444701479125
408 1 1444701481758
469 1 1444701486948
184 1 1444701490834
321 1 1444701494572
447 0 1444701500352
210 1 1444701508059
447 0 1444701513225
274 1 1444701520744
447 1 1444701524755
447 1 1444701528395
274 1 1444701531290
