16715	0	1	7	9	11	19	46	4	1	31
16716	0	1	13	22	55	80	148	10	17	94
16717	0	1	16	24	63	111	189	13	26	114
16718	0	0	18	24	68	121	189	15	30	126
16719	0	0	18	30	71	127	211	19	48	144
16720	0	0	18	31	72	132	224	22	56	161
16721	0	0	18	29	76	141	239	31	58	172
16722	0	0	17	27	84	149	253	48	72	198
16723	0	0	15	27	87	147	272	54	81	203
16724	0	0	15	27	86	151	271	60	83	204
16726	0	0	17	35	103	183	291	62	93	220
16727	0	0	17	35	112	217	314	84	102	257
16728	0	0	18	40	115	248	338	84	119	282
16729	0	0	16	45	117	267	361	96	138	321
16730	0	0	15	44	122	277	375	102	151	341
16731	0	0	12	48	125	280	390	104	153	346
16732	0	0	11	49	119	288	414	100	164	370
16733	0	0	9	40	120	316	460	107	174	420
16734	0	0	11	37	125	345	518	115	193	448
16735	0	0	9	35	125	355	529	118	194	469
16736	0	0	8	36	126	355	542	122	195	481
16737	0	0	8	35	122	359	548	125	194	487
16738	0	0	8	34	120	361	551	127	195	495
16739	0	0	6	35	110	380	590	133	201	515
16740	0	0	6	36	107	382	600	134	202	518
16741	0	0	6	34	109	389	613	144	206	532
16742	0	0	6	33	109	383	634	140	209	545
16743	0	0	4	31	108	386	677	150	224	565
16744	0	0	6	25	92	386	742	165	248	600
16745	0	0	1	16	83	318	747	206	325	569
16746	0	0	1	13	73	290	747	224	357	563
16747	0	0	1	10	63	278	741	246	374	560
16748	0	0	2	10	62	257	751	252	383	562
16749	0	0	1	7	53	246	752	261	401	558
16750	0	0	1	5	46	222	738	289	427	551
16751	0	0	1	5	48	217	721	307	436	545
16752	0	0	1	12	47	244	761	320	454	583
16753	0	0	4	15	48	249	799	325	465	622
16754	0	0	3	12	55	240	813	332	479	643
16755	0	0	7	12	55	246	833	364	501	680
16756	0	0	6	15	61	253	838	399	502	707
16757	0	0	6	18	60	258	853	430	511	736
16758	0	0	9	18	66	264	844	477	538	771
16759	0	0	6	24	75	266	845	515	569	798
16760	0	0	6	24	67	277	860	558	595	821
16761	0	0	2	24	61	281	828	632	661	846
16762	0	0	0	26	67	290	836	653	673	862
16763	0	0	0	28	64	279	853	666	677	877
16764	0	0	0	26	69	277	855	668	682	879
16766	0	0	0	26	72	284	855	684	689	883
16767	0	0	2	26	75	295	854	712	702	905
16768	0	0	1	25	76	298	857	725	708	913
16769	0	0	1	20	75	289	822	800	718	914
16770	0	0	1	18	76	288	827	803	727	923
16771	0	0	2	18	78	279	845	834	729	945
16772	0	0	2	16	71	292	845	850	739	959
16773	0	0	2	17	71	287	841	865	749	970
16774	0	0	1	18	70	279	839	880	749	966
16775	0	0	1	17	69	274	840	883	750	968
16776	0	0	1	16	70	272	836	888	750	970
16777	0	0	1	17	68	267	836	886	760	968
16778	0	0	1	18	68	264	826	900	761	965
16779	0	0	1	17	66	266	814	910	765	964
16780	0	0	1	17	66	267	810	913	766	963
16781	0	0	1	17	65	266	809	915	767	963
16782	0	0	1	17	65	267	807	916	770	960
16787	0	0	1	17	65	266	805	918	771	960
16788	0	0	1	16	67	262	805	922	772	958
16789	0	0	1	16	66	261	805	923	772	959
16790	0	0	1	16	66	264	799	927	779	951
16791	0	0	1	16	65	262	799	919	789	952
16792	0	0	1	15	62	268	779	939	786	953
16794	0	0	1	14	63	268	776	942	785	954
16796	0	0	1	14	62	268	775	944	785	954
16799	0	0	0	12	64	262	757	965	793	950
16800	0	0	0	10	63	258	727	988	808	949
16801	0	0	0	8	62	242	729	977	845	940
16802	0	0	0	8	61	234	705	997	858	940
16803	0	0	0	7	56	233	673	1018	868	948
16804	0	0	0	7	52	237	650	1023	877	957
16805	0	0	0	4	52	228	644	1020	886	969
16806	0	0	1	2	50	218	627	1027	905	973
16807	0	0	1	2	43	207	606	1052	906	986
16808	0	0	1	2	40	205	587	1067	918	983
16809	0	0	1	2	38	198	580	1070	931	983
16810	0	0	1	2	34	199	571	1076	934	986
16811	0	0	1	2	31	192	560	1097	930	990
16812	0	0	1	2	25	185	558	1107	931	995
16813	0	0	1	1	26	173	545	1122	935	1001
16814	0	0	1	1	24	165	540	1128	936	1009
16815	0	0	1	1	24	165	530	1134	937	1012
16816	0	0	1	1	24	165	528	1133	938	1014
16817	0	0	1	1	20	164	506	1143	954	1015
16818	0	0	1	1	20	148	495	1158	960	1021
16819	0	0	1	1	18	145	469	1175	971	1024
16820	0	0	1	1	16	139	453	1181	986	1027
16821	0	0	1	1	16	134	449	1190	984	1029
16822	0	0	1	1	16	131	445	1192	990	1028
16823	0	0	1	0	16	127	439	1197	989	1035
16824	0	0	1	0	15	123	422	1207	995	1041
16825	0	0	1	0	13	120	407	1220	999	1044
16826	0	0	1	0	12	116	397	1229	1002	1047
16827	0	0	1	0	11	105	386	1235	1007	1059
16828	0	0	0	1	10	101	371	1241	1015	1065
16829	0	0	0	1	10	97	359	1245	1022	1070
16830	0	0	0	1	10	96	354	1245	1029	1069
16831	0	0	0	1	9	92	347	1242	1039	1074
16832	0	0	0	1	9	86	341	1241	1048	1078
16833	0	0	0	0	8	84	327	1237	1067	1081
16834	0	0	0	0	8	79	316	1222	1096	1083
16835	0	0	0	0	8	80	301	1216	1109	1090
16836	0	0	0	0	10	84	286	1221	1132	1112
16837	0	0	0	2	10	83	301	1223	1146	1124
16838	0	0	0	1	14	88	307	1218	1153	1132
16839	0	0	0	1	16	88	306	1201	1172	1133
16840	0	0	0	2	14	97	314	1191	1185	1150
16841	0	0	0	3	10	101	288	1206	1207	1150
16842	0	0	1	3	15	104	293	1218	1216	1170
16843	0	0	1	3	17	113	306	1211	1242	1190
16844	0	0	1	3	22	117	310	1213	1252	1203
16845	0	0	1	4	23	120	309	1219	1266	1218
16846	0	0	1	6	27	131	324	1212	1285	1245
16847	0	0	0	8	38	135	331	1206	1303	1280
16848	0	0	2	8	46	151	352	1198	1316	1304
16849	0	0	1	10	53	183	346	1192	1357	1332
16850	0	0	2	12	56	190	353	1195	1384	1359
16851	0	0	2	10	70	213	363	1189	1406	1373
16852	0	0	1	25	75	219	374	1194	1427	1403
16853	0	0	1	24	82	213	371	1187	1470	1412
16854	0	0	1	17	84	210	363	1183	1488	1415
16855	0	0	1	14	85	199	357	1168	1521	1416
16856	0	0	1	13	81	192	353	1152	1546	1424
16857	0	0	1	12	75	187	341	1164	1561	1421
16858	0	0	1	11	68	171	339	1179	1559	1434
16859	0	0	1	12	61	174	337	1178	1564	1435
16860	0	0	1	12	60	174	337	1174	1569	1435
16861	0	0	1	12	57	170	338	1170	1575	1439
16862	0	0	1	11	52	164	334	1160	1586	1454
16863	0	0	1	8	52	159	329	1135	1617	1461
16864	0	0	0	8	43	152	330	1115	1655	1459
16865	0	0	0	7	43	149	326	1105	1671	1461
16866	0	0	0	6	39	142	318	1080	1701	1477
16867	0	0	0	6	28	127	305	1014	1781	1502
16868	0	0	0	6	24	116	298	968	1833	1519
16869	0	0	0	6	17	110	271	875	1930	1555
16870	0	0	0	4	15	103	255	816	1996	1575
16871	0	0	0	2	12	98	246	773	2031	1602
16872	0	0	0	2	12	92	247	754	2047	1610
16873	0	0	0	1	11	88	247	703	2086	1628
